,teams,season,DE1_Tfl,DE1_Qbh,DE2_Tfl,DE2_Qbh,DT1_Ct,DT1_Tfl,DT1_Qbh,DT2_Qbh,S1_Pd,S1_Ct,S2_Pd,S2_Ct,CB1_Pd,CB2_Pd,LB1_Tfl,LB1_Qbh,LB2_Tfl
0,crd,2010,0.8666666666666667,0.4666666666666667,0.6,1.0,11.666666666666666,2.0,2.3333333333333335,0.75,5.625,0.5625,5.5,1.0625,0.6923076923076923,0.75,0.1875,0.5714285714285714,0.9285714285714286
1,atl,2010,0.35714285714285715,0.7142857142857143,1.3846153846153846,1.3076923076923077,2.2,0.13333333333333333,0.06666666666666667,0.25,4.6875,0.5333333333333333,4.733333333333333,1.4375,0.4666666666666667,0.25,0.1875,0.46153846153846156,0.07692307692307693
2,rav,2010,0.8,0.9333333333333333,0.7272727272727273,0.6363636363636364,2.5,0.0,0.0,0.25,6.9375,1.6,3.7,0.5,1.5555555555555556,0.25,0.25,1.125,1.3125
3,buf,2010,0.42857142857142855,0.21428571428571427,0.18181818181818182,0.45454545454545453,11.5,0.5,0.5,0.4375,8.75,0.14285714285714285,6.357142857142857,0.9375,0.7857142857142857,0.3125,0.5625,0.42857142857142855,0.2857142857142857
4,car,2010,0.875,1.375,0.2857142857142857,0.2857142857142857,2.6875,0.625,0.25,0.5,5.3125,0.3333333333333333,5.666666666666667,0.4375,0.8,0.625,0.125,0.8666666666666667,0.4666666666666667
5,chi,2010,0.6875,1.125,0.6666666666666666,1.0666666666666667,2.3125,0.5625,0.3125,0.4375,4.5,0.4375,4.375,0.875,0.5384615384615384,0.8125,0.3125,0.5333333333333333,0.13333333333333333
6,cin,2010,0.0625,0.375,0.5,0.6,2.625,0.25,0.25,0.09090909090909091,5.2727272727272725,0.5555555555555556,4.777777777777778,0.6875,0.6666666666666666,0.1875,0.0625,0.26666666666666666,0.13333333333333333
7,cle,2010,0.21428571428571427,0.35714285714285715,0.1111111111111111,0.1111111111111111,17.0,2.0,12.0,0.625,7.6875,0.6666666666666666,5.266666666666667,0.625,0.9,0.4375,0.6875,0.25,0.25
8,dal,2010,0.07142857142857142,0.21428571428571427,0.5555555555555556,0.8888888888888888,inf,,,0.25,2.875,0.7142857142857143,5.071428571428571,0.5625,0.5625,0.25,0.125,0.25,0.25
9,den,2010,0.1875,0.5625,0.25,0.16666666666666666,4.5,0.0,0.25,0.25,3.9375,0.45454545454545453,6.0,0.8666666666666667,1.5555555555555556,0.625,0.75,0.6,0.6
10,det,2010,0.6153846153846154,1.0769230769230769,0.9090909090909091,1.0909090909090908,4.125,0.8125,1.0625,0.06666666666666667,5.6,0.3333333333333333,5.666666666666667,0.8,0.8,0.5714285714285714,0.0,0.09090909090909091,0.2727272727272727
11,gnb,2010,0.25,0.0,0.75,1.5,2.6666666666666665,0.3333333333333333,0.0,0.75,4.375,0.45454545454545453,5.7272727272727275,0.8125,1.25,0.26666666666666666,0.26666666666666666,1.2,1.6666666666666667
12,htx,2010,0.4375,1.375,0.6923076923076923,1.4615384615384615,2.75,0.4375,0.75,0.3333333333333333,7.466666666666667,0.23076923076923078,4.3076923076923075,0.875,0.625,0.6666666666666666,0.9166666666666666,0.4,0.3
13,clt,2010,0.625,1.1875,0.5,1.1875,1.625,0.25,0.1875,0.3125,6.625,0.25,4.916666666666667,0.7272727272727273,0.9,0.5,0.25,0.18181818181818182,0.09090909090909091
14,jax,2010,0.2222222222222222,0.2222222222222222,1.125,0.875,2.375,0.4375,0.5625,0.36363636363636365,7.090909090909091,0.1,5.5,0.375,0.7272727272727273,0.5625,0.5625,0.25,0.125
15,kan,2010,0.375,0.5,0.4,0.1,inf,,,0.5625,5.75,0.7,2.9,1.5625,0.9333333333333333,0.5,0.0625,0.75,1.6875
16,rai,2010,0.5333333333333333,0.9333333333333333,0.1,0.6,3.625,0.5,1.0,0.125,6.4375,0.4666666666666667,6.333333333333333,0.8666666666666667,0.42857142857142855,0.625,0.8125,0.4,0.2
17,sdg,2010,0.1875,0.25,0.25,0.1875,inf,inf,inf,0.625,6.0,0.2222222222222222,4.888888888888889,0.6875,1.1333333333333333,0.75,0.4375,1.0625,0.75
18,ram,2010,0.5,0.75,0.5,1.25,1.75,0.625,0.6875,0.6,4.866666666666666,0.46153846153846156,7.538461538461538,0.7333333333333333,0.7692307692307693,0.8125,0.4375,0.4166666666666667,0.08333333333333333
19,mia,2010,0.375,0.4375,0.25,0.375,36.0,3.0,4.0,0.3125,6.3125,0.35714285714285715,4.357142857142857,0.8,1.125,1.3125,1.625,0.5384615384615384,0.3076923076923077
20,min,2010,0.875,1.5625,0.6428571428571429,1.2857142857142858,2.4375,0.5,0.4375,0.4666666666666667,5.0,0.15384615384615385,5.769230769230769,0.3125,0.6363636363636364,0.875,0.3125,0.4375,0.1875
21,nwe,2010,0.5,0.25,1.2,1.8,2.5,0.25,0.25,0.6923076923076923,7.384615384615385,0.46153846153846156,5.230769230769231,1.0625,0.35714285714285715,0.3125,0.3125,0.45454545454545453,0.36363636363636365
22,nor,2010,0.375,0.4375,0.5333333333333333,0.6666666666666666,2.75,0.5,0.625,0.5333333333333333,6.533333333333333,0.8,4.266666666666667,0.9230769230769231,0.5,0.375,0.5625,0.14285714285714285,0.21428571428571427
23,nyg,2010,1.0,1.375,0.25,1.25,3.375,0.5,0.5625,0.25,5.4375,0.3333333333333333,5.133333333333334,1.3125,0.8,0.5625,0.125,0.2,0.4666666666666667
24,nyj,2010,0.4,0.6666666666666666,0.36363636363636365,0.2727272727272727,1.0,0.0,0.0,0.9166666666666666,4.416666666666667,0.36363636363636365,5.454545454545454,1.1333333333333333,0.7692307692307693,0.375,0.4375,0.4375,0.5625
25,phi,2010,1.0666666666666667,1.2666666666666666,0.8,0.8,2.642857142857143,0.2857142857142857,0.14285714285714285,1.0,5.866666666666666,0.6153846153846154,3.6923076923076925,1.4,1.2222222222222223,0.4666666666666667,0.26666666666666666,0.4166666666666667,0.16666666666666666
26,pit,2010,0.09090909090909091,0.36363636363636365,0.5555555555555556,0.7777777777777778,inf,,,0.4666666666666667,6.0,0.7857142857142857,4.5,0.625,0.7333333333333333,0.6875,0.5,0.8125,1.3125
27,sfo,2010,0.75,1.0625,0.125,0.1875,inf,,,0.375,5.0,0.5714285714285714,6.0,0.625,0.5625,0.1875,0.125,0.25,0.625
28,sea,2010,0.5625,1.3125,0.36363636363636365,0.09090909090909091,2.5833333333333335,0.5833333333333334,0.08333333333333333,0.1875,5.4375,0.4375,4.75,0.5,0.9285714285714286,0.1875,0.0625,0.25,0.125
29,tam,2010,,,0.4444444444444444,0.6666666666666666,2.9375,0.0625,0.0625,0.125,4.625,0.2222222222222222,6.333333333333333,0.8125,1.0,0.25,0.1875,1.0,0.375
30,oti,2010,1.0,1.6875,0.5454545454545454,1.1818181818181819,2.533333333333333,0.8,0.4,0.75,6.75,0.3125,6.3125,0.5625,0.9166666666666666,0.375,0.3125,0.375,0.4375
31,was,2010,0.3125,0.125,0.0,0.15384615384615385,2.6666666666666665,0.0,0.0,0.45454545454545453,5.818181818181818,0.8888888888888888,9.444444444444445,1.0,1.0,0.25,0.25,0.13333333333333333,0.26666666666666666
32,crd,2011,0.8125,1.0625,0.625,1.125,inf,inf,inf,0.875,4.0625,0.1111111111111111,5.666666666666667,0.8125,1.2222222222222223,0.3125,0.3125,0.3125,0.5
33,atl,2011,0.375,0.625,0.6666666666666666,1.1333333333333333,1.7333333333333334,0.4666666666666667,0.4,0.4,5.733333333333333,0.8181818181818182,4.909090909090909,0.5625,1.1666666666666667,0.5625,0.1875,0.875,0.3125
34,rav,2011,0.375,0.5,1.0,1.0909090909090908,inf,,,0.5,3.25,1.0,5.769230769230769,1.125,1.3333333333333333,0.1875,0.0625,1.25,1.4375
35,buf,2011,0.23076923076923078,0.6153846153846154,0.8333333333333334,0.3333333333333333,10.5,1.5,1.0,0.5,6.125,0.46153846153846156,8.153846153846153,0.75,1.3333333333333333,0.5625,0.25,0.25,0.5833333333333334
36,car,2011,0.5,0.6875,1.2666666666666666,0.8666666666666667,1.5833333333333333,0.16666666666666666,0.16666666666666666,0.5,4.25,0.5,6.0,0.8,0.35714285714285715,0.5625,0.125,0.2727272727272727,0.0
37,chi,2011,0.75,0.625,0.9375,0.8125,1.6,0.7333333333333333,1.0,0.6363636363636364,5.2727272727272725,0.2222222222222222,3.3333333333333335,0.75,0.6666666666666666,0.5625,0.0625,0.5625,0.0
38,cin,2011,0.23076923076923078,0.38461538461538464,1.0,0.6363636363636364,4.125,0.375,0.25,0.75,5.3125,0.3125,3.8125,0.8,0.7777777777777778,0.4666666666666667,0.26666666666666666,0.4,0.26666666666666666
39,cle,2011,0.5625,0.5625,0.6923076923076923,0.46153846153846156,5.1875,0.25,0.75,0.375,4.0,0.125,8.75,0.75,1.2666666666666666,0.75,0.5,0.5,0.4375
40,dal,2011,0.26666666666666666,0.13333333333333333,0.5,1.0,inf,,,0.1875,4.6875,,4.25,0.5714285714285714,0.6666666666666666,1.625,1.8125,0.6666666666666666,0.2
41,den,2011,0.46153846153846156,0.3076923076923077,0.45454545454545453,0.09090909090909091,1.0,0.0,0.0,0.5,4.25,,5.6,0.625,0.7692307692307693,1.2666666666666666,1.9333333333333333,0.7142857142857143,1.3571428571428572
42,det,2011,0.4375,0.75,0.375,0.6875,2.066666666666667,0.2,0.4666666666666667,0.26666666666666666,4.666666666666667,0.45454545454545453,4.636363636363637,1.0,1.0769230769230769,0.5,0.4375,0.5625,0.125
43,gnb,2011,0.14285714285714285,0.0,0.2,0.0,0.0,0.0,0.0,0.6875,6.625,0.7142857142857143,6.714285714285714,1.1333333333333333,1.4666666666666666,0.4,1.0,0.5333333333333333,1.6666666666666667
44,htx,2011,0.8125,1.1875,0.625,1.1875,inf,,inf,0.5625,4.8125,0.38461538461538464,4.538461538461538,1.0,0.46153846153846156,0.5,0.8125,0.75,1.75
45,clt,2011,0.6,1.2,0.4666666666666667,1.2666666666666666,1.5714285714285714,0.2857142857142857,0.21428571428571427,0.4375,8.6875,0.3076923076923077,5.153846153846154,0.5,0.6,0.5625,0.25,0.4666666666666667,0.06666666666666667
46,jax,2011,0.625,1.0625,0.5555555555555556,0.6666666666666666,2.5,0.1875,0.5,0.25,6.0625,0.7272727272727273,3.272727272727273,0.4444444444444444,0.5,0.3125,0.5,0.4375,0.6875
47,kan,2011,0.2,0.13333333333333333,0.2857142857142857,0.14285714285714285,11.5,1.0,1.0,0.625,3.75,0.6666666666666666,5.222222222222222,1.25,0.9375,0.625,0.1875,0.75,1.6875
48,rai,2011,0.46153846153846156,0.38461538461538464,0.8,1.0,2.5625,0.1875,0.8125,0.25,6.8125,0.36363636363636365,3.4545454545454546,1.0,0.5714285714285714,0.9375,1.25,0.5714285714285714,0.5714285714285714
49,sdg,2011,0.2,0.06666666666666667,0.23076923076923078,0.07692307692307693,10.0,3.0,2.5,0.6875,5.5,0.23076923076923078,5.153846153846154,0.5333333333333333,1.2142857142857142,0.625,0.25,0.3125,0.0625
50,ram,2011,0.9375,1.3125,0.6,0.7333333333333333,1.9333333333333333,0.26666666666666666,0.06666666666666667,0.3125,5.6875,0.8461538461538461,6.461538461538462,0.4166666666666667,0.5555555555555556,0.6875,0.3125,0.46153846153846156,0.15384615384615385
51,mia,2011,0.6666666666666666,0.8,0.0,0.16666666666666666,19.0,1.0,5.0,0.25,6.6875,0.3333333333333333,5.583333333333333,0.4375,0.75,0.625,0.25,0.625,0.5
52,min,2011,1.3125,2.0,0.375,0.6875,2.7142857142857144,0.6428571428571429,0.6428571428571429,0.3333333333333333,5.0,0.5555555555555556,5.444444444444445,0.6428571428571429,0.3333333333333333,0.375,0.25,0.5714285714285714,0.2857142857142857
53,nwe,2011,0.9285714285714286,1.6428571428571428,0.3,0.3,3.25,0.375,0.625,0.08333333333333333,5.75,0.5,7.75,1.0714285714285714,0.9285714285714286,0.4375,0.6875,0.3076923076923077,0.46153846153846156
54,nor,2011,0.13333333333333333,0.26666666666666666,0.0,0.26666666666666666,5.5,0.25,0.75,0.4375,5.9375,0.6,5.2,1.125,0.8181818181818182,0.3333333333333333,0.13333333333333333,0.2857142857142857,0.07142857142857142
55,nyg,2011,1.9166666666666667,2.3333333333333335,0.5454545454545454,1.0,2.9375,0.6875,0.4375,0.25,6.0,0.7333333333333333,5.466666666666667,1.0625,0.8,0.9333333333333333,0.6,0.3076923076923077,0.15384615384615385
56,nyj,2011,0.8125,0.375,0.09090909090909091,0.0,inf,,,0.2857142857142857,6.357142857142857,0.46153846153846156,3.6923076923076925,1.3125,0.75,0.5,0.75,0.4375,0.6875
57,phi,2011,1.0625,1.8125,1.0,1.2142857142857142,2.5,0.6875,0.8125,0.38461538461538464,6.0,0.5833333333333334,4.916666666666667,0.3333333333333333,0.7142857142857143,0.25,0.0625,0.46153846153846156,0.3076923076923077
58,pit,2011,0.35714285714285715,0.35714285714285715,0.07142857142857142,0.2857142857142857,13.0,1.0,2.0,0.3125,6.25,0.875,5.6875,0.875,0.8666666666666667,0.3125,0.375,0.14285714285714285,0.35714285714285715
59,sfo,2011,0.375,1.25,0.4,0.5333333333333333,7.5,0.0,0.0,0.6666666666666666,4.133333333333334,0.6428571428571429,4.785714285714286,1.125,0.9375,0.8125,0.375,0.75,0.875
60,sea,2011,0.75,1.5,0.125,0.375,3.5,0.4375,0.25,0.4375,6.125,0.8666666666666667,6.466666666666667,1.4375,1.7,0.5,0.3125,0.6428571428571429,0.14285714285714285
61,tam,2011,0.4375,1.0,1.2,0.8,1.7142857142857142,0.7142857142857143,0.35714285714285715,0.1875,5.75,0.3,3.5,0.5625,0.8461538461538461,0.3333333333333333,0.26666666666666666,0.38461538461538464,0.0
62,oti,2011,0.3076923076923077,0.5384615384615384,0.3,0.7,3.466666666666667,0.4666666666666667,0.4,0.4375,4.6875,0.5,6.642857142857143,0.6875,0.8666666666666667,0.375,0.25,0.35714285714285715,0.2857142857142857
63,was,2011,0.5625,0.875,0.26666666666666666,0.6,2.5625,0.375,0.625,,8.0,0.75,7.5,1.0,0.9375,0.3125,0.5,0.375,0.8125
64,crd,2012,0.2857142857142857,0.6428571428571429,1.0833333333333333,1.0,3.25,0.25,0.0,0.7333333333333333,4.466666666666667,0.35714285714285715,3.857142857142857,1.0,0.4,0.9375,0.75,0.1875,0.375
65,atl,2012,0.8,1.2666666666666666,0.5,0.5,1.9375,0.6875,0.375,0.5625,4.75,0.75,6.25,0.5,1.1333333333333333,0.3333333333333333,0.3333333333333333,0.46153846153846156,0.5384615384615384
66,rav,2012,0.5,1.0,0.8333333333333334,2.1666666666666665,8.333333333333334,0.0,0.0,0.9375,3.625,0.38461538461538464,7.538461538461538,1.0625,1.0,0.3076923076923077,0.07692307692307693,0.5454545454545454,0.09090909090909091
67,buf,2012,0.75,0.9375,0.42857142857142855,1.2857142857142858,2.875,0.625,0.8125,0.375,4.75,0.3125,6.5,1.0,0.7,0.375,0.0625,0.2,0.26666666666666666
68,car,2012,0.4375,1.0625,1.3,1.9,3.7142857142857144,0.5,0.7142857142857143,0.4,4.666666666666667,0.3076923076923077,4.153846153846154,0.5833333333333334,0.8181818181818182,0.75,0.0625,0.75,0.08333333333333333
69,chi,2012,0.8125,0.9375,0.7272727272727273,0.8181818181818182,3.142857142857143,0.6428571428571429,0.5714285714285714,0.5,4.4375,0.6,4.533333333333333,1.0,1.5,0.4375,0.125,0.35714285714285715,0.14285714285714285
70,cin,2012,0.1875,0.3125,1.0,1.3333333333333333,3.375,1.0625,1.3125,0.6428571428571429,6.071428571428571,0.5555555555555556,5.888888888888889,0.7333333333333333,0.8571428571428571,0.0625,0.25,0.5,0.21428571428571427
71,cle,2012,0.5625,0.625,0.25,0.375,3.3846153846153846,0.3076923076923077,0.3076923076923077,0.2857142857142857,4.857142857142857,0.6363636363636364,4.818181818181818,0.8571428571428571,1.0,0.25,0.3125,0.07692307692307693,0.3076923076923077
72,dal,2012,0.3125,0.8125,0.3333333333333333,0.16666666666666666,inf,,,0.26666666666666666,3.8666666666666667,0.2,7.1,0.625,0.5333333333333333,0.5625,1.4375,1.0,1.0
73,den,2012,0.5625,0.5,0.13333333333333333,0.0,1.0,0.0,0.0,0.6875,5.0,0.4,4.8,0.5333333333333333,0.75,1.75,1.5625,0.375,1.25
74,det,2012,0.625,0.875,0.5625,0.9375,2.125,1.0625,2.0,0.25,4.75,0.42857142857142855,6.714285714285714,0.7142857142857143,0.4444444444444444,0.375,0.3125,0.6428571428571429,0.14285714285714285
75,gnb,2012,0.125,0.125,0.42857142857142855,0.5714285714285714,3.5,1.0,1.0,0.3125,7.6875,0.2,5.2,1.0,1.25,0.5625,0.3125,1.25,2.0
76,htx,2012,2.4375,2.6875,0.4375,1.1875,10.333333333333334,0.3333333333333333,0.3333333333333333,0.8125,5.25,0.5,4.8125,1.1333333333333333,0.7142857142857143,0.75,1.0,0.2,0.2
77,clt,2012,0.35714285714285715,0.2857142857142857,0.25,0.5,5.333333333333333,0.6666666666666666,0.6666666666666666,0.4375,6.25,0.36363636363636365,3.4545454545454546,0.8181818181818182,0.7,0.4375,0.125,0.5,0.8571428571428571
78,jax,2012,0.4375,0.8125,0.14285714285714285,1.2857142857142858,2.8125,0.1875,0.25,0.125,6.25,0.4444444444444444,3.4444444444444446,0.9166666666666666,0.3333333333333333,0.3125,0.3125,0.5625,0.25
79,kan,2012,0.2,0.26666666666666666,0.5,0.4,inf,,,0.625,5.375,0.1111111111111111,2.888888888888889,0.8,1.0,0.75,0.3125,0.8125,1.125
80,rai,2012,0.8125,0.75,0.5625,0.6875,2.8125,0.3125,0.3125,0.21428571428571427,6.714285714285714,0.38461538461538464,3.923076923076923,0.75,0.5714285714285714,0.3125,0.75,0.3333333333333333,0.5333333333333333
81,sdg,2012,0.6875,0.625,0.08333333333333333,0.16666666666666666,6.666666666666667,0.3333333333333333,0.3333333333333333,0.5,6.0625,0.2727272727272727,6.181818181818182,0.625,0.5625,0.0625,0.25,0.6875,0.875
82,ram,2012,0.9375,1.1875,0.7857142857142857,1.2142857142857142,1.6875,0.25,0.375,0.125,6.3125,0.125,4.875,0.6,1.0,0.25,0.125,1.0,0.75
83,mia,2012,0.8125,2.0625,1.0,1.25,1.6875,0.3125,0.5625,0.5625,5.875,0.25,6.125,0.6875,0.6,0.5625,0.125,0.3125,0.3125
84,min,2012,1.0625,1.3125,0.4,0.9333333333333333,1.875,0.3125,0.4375,0.625,6.5,0.38461538461538464,5.076923076923077,0.8666666666666667,0.6,0.4375,0.3125,0.13333333333333333,0.13333333333333333
85,nwe,2012,0.5625,0.75,0.6153846153846154,0.9230769230769231,3.0,0.375,0.25,0.8125,5.125,0.4166666666666667,3.0833333333333335,0.8125,0.9166666666666666,0.3125,0.3125,0.35714285714285715,0.35714285714285715
86,nor,2012,0.5,0.8125,0.625,1.1875,2.25,0.1875,0.3125,0.6875,7.1875,0.46153846153846156,7.230769230769231,1.125,1.0,0.4375,0.125,0.5,0.2
87,nyg,2012,0.8666666666666667,0.6666666666666666,0.2857142857142857,0.6428571428571429,3.6875,0.3125,0.4375,0.3125,6.0,1.0,6.909090909090909,0.6875,0.5454545454545454,0.4,0.4666666666666667,0.36363636363636365,0.2727272727272727
88,nyj,2012,0.4666666666666667,0.8,0.13333333333333333,0.06666666666666667,inf,,,0.125,5.625,0.5333333333333333,6.666666666666667,0.8125,0.26666666666666666,0.25,0.4375,0.4375,0.375
89,phi,2012,0.375,0.5625,0.36363636363636365,1.3636363636363635,1.625,0.4375,0.375,0.2857142857142857,6.642857142857143,0.3076923076923077,5.615384615384615,0.75,1.0,0.9375,0.125,0.42857142857142855,0.07142857142857142
90,pit,2012,0.25,0.5625,0.25,0.1875,inf,inf,inf,0.4666666666666667,6.8,0.42857142857142855,4.857142857142857,1.4375,1.0833333333333333,0.5,0.4375,0.625,1.0625
91,sfo,2012,0.3125,0.25,0.6428571428571429,0.7142857142857143,7.333333333333333,1.3333333333333333,0.6666666666666666,0.25,5.125,0.75,4.3125,0.8125,0.375,0.375,0.25,0.3125,0.1875
92,sea,2012,0.5,1.3125,0.0625,0.0,3.5,0.25,0.3125,0.25,6.3125,0.5,4.125,1.5,0.5833333333333334,0.6,0.3333333333333333,0.5333333333333333,0.2
93,tam,2012,1.125,1.125,0.5714285714285714,0.5714285714285714,1.875,0.5625,0.9375,0.8125,5.75,0.625,5.5,0.5833333333333334,0.7,1.25,0.3125,0.8125,0.1875
94,oti,2012,0.625,1.4375,0.25,0.625,3.375,0.375,0.4375,0.25,4.9375,0.5833333333333334,8.0,0.9375,0.5625,0.7857142857142857,0.5714285714285714,0.6153846153846154,0.7692307692307693
95,was,2012,0.1875,0.4375,0.14285714285714285,0.21428571428571427,inf,inf,inf,0.375,6.1875,0.1,6.9,0.8125,0.8125,0.3125,0.25,0.375,0.3125
96,crd,2013,0.875,1.3125,0.75,0.8125,2.3333333333333335,0.6666666666666666,0.3333333333333333,0.5625,4.8125,0.8181818181818182,6.181818181818182,1.0625,0.8125,0.75,0.75,1.0769230769230769,1.0769230769230769
97,atl,2013,0.35714285714285715,0.42857142857142855,0.46153846153846156,0.7692307692307693,2.625,0.4375,0.25,0.4375,5.375,0.13333333333333333,4.333333333333333,1.0625,0.4,0.6153846153846154,0.6153846153846154,0.3333333333333333,0.25
98,rav,2013,0.6153846153846154,0.5384615384615384,0.15384615384615385,0.5384615384615384,15.0,1.0,0.0,0.6875,6.3125,0.2,5.133333333333334,1.375,0.9375,0.5,0.4375,0.8125,1.1875
99,buf,2013,0.9375,1.0,0.15384615384615385,0.46153846153846156,4.25,0.875,1.375,0.7857142857142857,5.857142857142857,0.6666666666666666,5.333333333333333,1.4615384615384615,1.1111111111111112,0.6875,0.0625,0.6666666666666666,0.4
100,car,2013,0.9285714285714286,1.2142857142857142,1.3076923076923077,2.230769230769231,2.625,0.5625,0.25,0.5714285714285714,4.714285714285714,0.5,4.916666666666667,0.75,0.5,0.625,0.125,0.8125,0.3125
101,chi,2013,0.5,0.375,0.5,1.1,2.2666666666666666,0.5333333333333333,0.4,0.4375,5.5625,0.2,6.733333333333333,0.8125,0.75,0.625,0.3125,1.1111111111111112,0.3333333333333333
102,cin,2013,0.5333333333333333,1.7333333333333334,0.3333333333333333,1.5333333333333334,3.25,0.125,0.3125,0.375,4.125,0.4666666666666667,4.333333333333333,0.9230769230769231,0.8461538461538461,0.5625,0.3125,0.0,0.07692307692307693
103,cle,2013,0.21428571428571427,0.35714285714285715,0.25,1.3333333333333333,7.0,2.0,1.3333333333333333,0.3125,7.0,0.8,6.333333333333333,1.1333333333333333,1.3333333333333333,0.0625,0.25,0.3125,0.5625
104,dal,2013,0.8125,0.875,0.6923076923076923,0.9230769230769231,2.75,0.125,0.1875,0.375,8.4375,0.3333333333333333,6.666666666666667,0.75,0.8,0.38461538461538464,0.3076923076923077,0.2727272727272727,0.09090909090909091
105,den,2013,0.8333333333333334,1.1666666666666667,0.6363636363636364,0.7272727272727273,1.9375,0.3125,0.4375,0.42857142857142855,5.285714285714286,0.6,4.4,0.9333333333333333,1.0769230769230769,0.4375,0.3125,0.3,0.9
106,det,2013,0.4666666666666667,0.6666666666666666,0.5833333333333334,0.9166666666666666,3.0625,0.5625,1.25,0.5,3.5625,0.5333333333333333,4.266666666666667,1.1538461538461537,0.75,0.4375,0.375,0.5,0.1875
107,gnb,2013,0.1875,0.0625,0.75,0.25,inf,,,0.0625,4.625,0.46153846153846156,7.384615384615385,0.6875,1.1428571428571428,0.8125,0.375,0.6666666666666666,0.4166666666666667
108,htx,2013,1.375,2.875,0.5333333333333333,0.8666666666666667,inf,,inf,0.5454545454545454,5.7272727272727275,0.4,7.1,1.0666666666666667,0.6428571428571429,0.5625,0.375,0.375,1.125
109,clt,2013,0.6666666666666666,0.6666666666666666,0.5,0.5,18.0,1.0,4.0,0.375,6.875,0.16666666666666666,7.25,0.75,2.142857142857143,0.375,0.4375,0.9375,1.3125
110,jax,2013,0.1875,0.5625,0.375,0.625,9.0,0.0,0.0,0.4,6.866666666666666,0.09090909090909091,5.2727272727272725,0.9333333333333333,1.375,0.625,1.4375,0.4,0.5333333333333333
111,kan,2013,0.07692307692307693,0.0,0.3333333333333333,0.3333333333333333,2.0,1.0,1.0,0.7333333333333333,4.933333333333334,0.26666666666666666,3.7333333333333334,0.8666666666666667,0.6153846153846154,0.8,0.6666666666666666,0.8,1.0
112,rai,2013,0.625,1.0,0.4666666666666667,0.3333333333333333,3.375,0.5,0.375,0.1875,6.0625,0.23076923076923078,5.769230769230769,0.75,0.4,0.5,0.25,0.75,0.3125
113,sdg,2013,0.4375,0.8125,0.3125,0.4375,inf,,,0.5625,7.1875,0.3125,4.8125,0.6923076923076923,0.6363636363636364,0.46153846153846156,0.0,0.3333333333333333,0.08333333333333333
114,ram,2013,1.4375,2.125,0.8125,0.75,3.0625,0.6875,0.3125,0.4375,4.9375,0.4,5.3,0.875,0.9166666666666666,0.5625,0.0625,0.5,0.3125
115,mia,2013,0.5333333333333333,1.4,0.9285714285714286,1.1428571428571428,2.2666666666666666,0.26666666666666666,0.26666666666666666,0.25,6.6875,0.5,5.8125,1.0625,0.9166666666666666,0.3125,0.3125,0.2,0.26666666666666666
116,min,2013,0.8125,1.625,0.75,1.125,1.9333333333333333,0.26666666666666666,0.5333333333333333,0.07692307692307693,5.769230769230769,0.2,8.4,0.18181818181818182,0.4,0.375,0.3125,1.0,0.5
117,nwe,2013,0.625,1.0,0.875,1.4375,4.909090909090909,0.7272727272727273,0.8181818181818182,0.6,4.6,0.2727272727272727,7.181818181818182,1.0769230769230769,1.0833333333333333,0.2857142857142857,0.35714285714285715,0.5454545454545454,0.0
118,nor,2013,0.8125,1.4375,0.5,0.3125,inf,inf,inf,0.5714285714285714,5.642857142857143,0.42857142857142855,4.857142857142857,0.5625,1.2,0.375,0.125,0.5333333333333333,0.26666666666666666
119,nyg,2013,1.0,1.5333333333333334,0.8,2.0,3.933333333333333,0.5333333333333333,0.5333333333333333,0.75,6.125,0.2,7.7,0.8125,1.5,0.09090909090909091,0.09090909090909091,0.0,0.2
120,nyj,2013,0.8125,1.125,0.8,0.5333333333333333,0.0,0.0,0.0,0.4375,6.3125,0.7777777777777778,7.0,0.5625,1.4166666666666667,0.5,0.25,0.3125,0.3125
121,phi,2013,0.4375,0.0625,0.25,0.5625,0.0,0.0,0.0,0.3125,5.125,0.3,5.9,0.75,1.1538461538461537,0.5625,0.3125,0.625,0.5625
122,pit,2013,0.5384615384615384,0.7692307692307693,0.25,0.5833333333333334,inf,,,0.25,6.5,0.6875,4.3125,0.75,0.8181818181818182,0.4375,0.375,0.9090909090909091,2.090909090909091
123,sfo,2013,0.5625,1.0,0.42857142857142855,0.5,1.0,0.0,0.0,0.6875,4.8125,0.75,4.5625,0.5,1.0,0.5625,0.3125,0.75,0.9375
124,sea,2013,0.26666666666666666,0.26666666666666666,0.36363636363636365,0.9090909090909091,2.8125,0.375,0.375,0.5625,6.5625,0.375,6.1875,1.0,1.25,0.2857142857142857,0.42857142857142855,0.3076923076923077,0.15384615384615385
125,tam,2013,1.125,0.875,0.16666666666666666,0.5,3.125,0.9375,1.3125,0.5,6.285714285714286,0.6153846153846154,5.538461538461538,0.3125,0.6875,1.3125,0.8125,0.46153846153846156,0.5384615384615384
126,oti,2013,0.6428571428571429,1.5,0.5384615384615384,0.38461538461538464,3.9285714285714284,0.7857142857142857,0.9285714285714286,0.5625,6.1875,0.2857142857142857,5.857142857142857,0.6875,1.375,0.35714285714285715,0.5,0.6923076923076923,0.5384615384615384
127,was,2013,0.2,0.2,0.125,0.125,inf,inf,,0.23076923076923078,5.3076923076923075,0.25,10.0,0.4375,0.8125,0.4375,0.5625,0.25,0.1875
128,crd,2014,1.1428571428571428,0.7857142857142857,0.38461538461538464,0.6153846153846154,0.0,0.0,0.0,0.5,5.75,0.2222222222222222,9.222222222222221,0.625,0.4375,0.4,0.4666666666666667,0.9166666666666666,1.0833333333333333
129,atl,2014,0.5333333333333333,0.6,0.3333333333333333,0.5333333333333333,1.375,0.125,0.125,0.3333333333333333,5.266666666666667,0.6,9.7,1.0,1.2,0.25,0.5625,0.5333333333333333,0.6
130,rav,2014,0.16666666666666666,0.25,0.09090909090909091,0.09090909090909091,5.25,0.5,0.75,0.21428571428571427,3.7857142857142856,0.36363636363636365,4.545454545454546,0.7272727272727273,0.75,0.5,0.75,0.1875,0.1875
131,buf,2014,0.8125,1.25,1.1875,1.125,3.2666666666666666,0.8,0.9333333333333333,0.35714285714285715,5.428571428571429,0.3076923076923077,5.0,0.42857142857142855,1.7777777777777777,0.42857142857142855,0.07142857142857142,0.42857142857142855,0.5
132,car,2014,0.5625,0.875,0.26666666666666666,0.2,2.0,0.5384615384615384,0.3076923076923077,0.625,3.875,0.2727272727272727,4.454545454545454,0.5454545454545454,1.1,0.5625,0.25,0.5333333333333333,0.26666666666666666
133,chi,2014,0.4666666666666667,1.2,1.5,1.25,2.0625,0.5625,0.75,0.375,6.4375,0.25,3.5833333333333335,0.4375,0.7142857142857143,0.6,0.1,0.1,0.0
134,cin,2014,1.0,1.75,0.25,0.8125,2.9375,0.125,0.0625,0.8125,5.9375,0.625,4.625,0.5333333333333333,1.0769230769230769,0.23076923076923078,0.15384615384615385,0.07692307692307693,0.07692307692307693
135,cle,2014,0.5333333333333333,0.8,0.8,0.4,2.5,0.5,0.0,0.25,6.625,0.7272727272727273,4.7272727272727275,1.125,1.3333333333333333,0.8666666666666667,1.1333333333333333,0.8333333333333334,0.25
136,dal,2014,0.5625,0.875,0.23076923076923078,0.6153846153846154,2.375,0.125,0.25,0.375,6.0625,0.3125,4.625,0.4375,0.6428571428571429,0.75,0.25,0.2727272727272727,0.18181818181818182
137,den,2014,0.0,0.3125,1.0,1.3333333333333333,1.875,0.25,0.4375,0.3125,3.125,0.3333333333333333,4.933333333333334,1.0625,1.0666666666666667,1.0,1.6875,0.8461538461538461,0.23076923076923078
138,det,2014,0.8125,1.625,0.3125,1.0625,3.3125,1.3125,1.25,0.625,4.5625,0.6153846153846154,5.461538461538462,1.0625,0.5625,1.0,0.25,0.26666666666666666,0.13333333333333333
139,gnb,2014,0.5,1.0625,0.75,0.25,inf,inf,inf,0.26666666666666666,8.666666666666666,0.6,9.2,0.8125,0.6428571428571429,1.0,1.375,0.3125,1.0625
140,htx,2014,1.8125,3.1875,1.0,3.0,3.3333333333333335,0.3333333333333333,0.0,0.375,5.25,0.5,6.083333333333333,0.6875,0.6923076923076923,0.4,0.8,0.07142857142857142,0.6428571428571429
141,clt,2014,0.375,0.9375,0.6428571428571429,1.3571428571428572,1.4,0.2,0.0,0.6875,5.4375,0.75,4.125,0.6666666666666666,1.2,0.5625,0.3125,0.7333333333333333,0.4666666666666667
142,jax,2014,0.375,0.625,0.125,0.125,2.75,0.9375,1.0625,0.2,7.6,0.14285714285714285,6.428571428571429,0.6153846153846154,0.25,0.8181818181818182,0.09090909090909091,0.2,0.0
143,kan,2014,0.7142857142857143,0.5714285714285714,0.4,0.7,9.5,1.5,2.5,0.5,4.4375,0.8,6.266666666666667,1.0,0.8,0.25,0.375,1.4375,1.5625
144,rai,2014,0.9166666666666666,1.25,0.5714285714285714,0.2857142857142857,1.25,0.4375,0.375,0.5,7.0625,0.6,5.5,0.2857142857142857,1.25,1.0,0.75,0.25,0.0625
145,sdg,2014,0.8125,0.5625,0.13333333333333333,0.4,10.5,1.5,2.5,0.5,7.125,0.3125,4.75,0.7142857142857143,0.6428571428571429,0.35714285714285715,0.07142857142857142,0.38461538461538464,0.07692307692307693
146,ram,2014,0.8125,1.25,1.2222222222222223,0.5555555555555556,2.0,0.3125,0.25,0.375,6.5,0.375,4.5,0.9333333333333333,0.38461538461538464,0.375,0.0,0.25,0.375
147,mia,2014,0.5625,0.8125,0.5,1.375,1.8125,0.1875,0.5,0.15384615384615385,4.461538461538462,0.5833333333333334,6.666666666666667,0.75,0.6666666666666666,0.6428571428571429,0.42857142857142855,0.36363636363636365,0.36363636363636365
148,min,2014,0.875,1.5,0.3125,0.75,2.9375,0.3125,0.625,0.5625,5.75,0.15384615384615385,8.153846153846153,0.3125,1.125,0.3333333333333333,0.4166666666666667,0.5,0.5833333333333334
149,nwe,2014,0.6875,1.0,0.625,1.375,2.9375,0.125,0.0625,0.375,4.25,0.5333333333333333,5.666666666666667,0.875,0.7777777777777778,0.5333333333333333,0.6666666666666666,0.75,1.0833333333333333
150,nor,2014,0.5,0.625,0.5,0.5,7.5,0.75,0.25,0.35714285714285715,5.285714285714286,0.2857142857142857,8.0,0.8125,0.6666666666666666,0.3125,0.25,0.6923076923076923,1.5384615384615385
151,nyg,2014,1.0,1.3125,0.18181818181818182,0.5454545454545454,3.1875,0.5,0.75,0.5625,5.4375,0.7777777777777778,6.333333333333333,0.8,1.375,0.5714285714285714,0.5,0.1111111111111111,0.1111111111111111
152,nyj,2014,0.6875,1.3125,1.0,1.6153846153846154,inf,inf,,0.07142857142857142,7.642857142857143,0.18181818181818182,5.545454545454546,1.0,0.75,0.3125,0.3125,0.375,0.375
153,phi,2014,0.5,0.4375,0.3125,0.0625,inf,,inf,0.9375,5.0,0.3333333333333333,4.133333333333334,0.5625,1.4666666666666666,0.9375,1.3125,0.5333333333333333,0.6666666666666666
154,pit,2014,0.6875,1.0,0.3333333333333333,0.4444444444444444,2.0,0.0,1.0,0.1875,4.4375,0.08333333333333333,5.083333333333333,0.9230769230769231,0.6666666666666666,0.4375,0.25,0.625,1.375
155,sfo,2014,0.4375,0.875,0.2857142857142857,0.5714285714285714,inf,,,0.625,5.375,0.4666666666666667,2.7333333333333334,1.1428571428571428,1.0,0.25,0.1875,0.46153846153846156,0.7692307692307693
156,sea,2014,0.875,1.1875,0.375,1.1875,2.142857142857143,0.07142857142857142,0.0,0.3125,6.0625,0.42857142857142855,5.571428571428571,0.5,1.0,0.3125,0.125,0.6923076923076923,0.9230769230769231
157,tam,2014,0.38461538461538464,0.9230769230769231,1.0,0.6666666666666666,3.4615384615384617,0.6923076923076923,0.6153846153846154,0.07142857142857142,5.785714285714286,0.42857142857142855,7.0,0.6428571428571429,0.7142857142857143,1.2142857142857142,0.2857142857142857,0.7272727272727273,0.18181818181818182
158,oti,2014,0.8125,1.125,0.45454545454545453,0.18181818181818182,4.333333333333333,0.0,0.3333333333333333,0.3125,7.0,0.4,7.4,0.6875,0.9090909090909091,0.375,0.375,0.625,0.5625
159,was,2014,0.21428571428571427,0.21428571428571427,0.6153846153846154,0.7692307692307693,2.3333333333333335,0.6666666666666666,0.6666666666666666,0.2,6.733333333333333,0.4,5.5,0.9333333333333333,0.4666666666666667,1.125,1.1875,0.5714285714285714,0.21428571428571427
160,crd,2015,1.0,1.25,0.5384615384615384,1.1538461538461537,inf,,inf,1.2142857142857142,6.357142857142857,0.5,4.357142857142857,0.5,0.6923076923076923,0.6875,0.375,0.5,0.375
161,atl,2015,0.125,0.3125,0.3,0.5,7.5,2.25,2.25,0.35714285714285715,4.928571428571429,0.36363636363636365,4.636363636363637,0.6875,1.0,0.3333333333333333,0.26666666666666666,0.25,0.0
162,rav,2015,0.4444444444444444,0.4444444444444444,1.3333333333333333,1.6666666666666667,3.6666666666666665,0.0,0.0,0.3333333333333333,4.066666666666666,0.42857142857142855,4.571428571428571,0.625,0.7333333333333333,0.8125,0.5625,0.4375,0.3125
163,buf,2015,0.5,0.75,0.4666666666666667,0.7333333333333333,3.4,0.3333333333333333,0.3333333333333333,0.25,7.9375,0.75,7.75,1.4,1.5,0.1875,0.375,0.5714285714285714,0.21428571428571427
164,car,2015,0.3333333333333333,1.0833333333333333,0.5555555555555556,1.1111111111111112,3.4375,1.0,1.125,0.3125,4.5625,0.6,6.0,1.125,0.5833333333333334,0.5,0.75,0.5384615384615384,0.38461538461538464
165,chi,2015,0.2,0.7333333333333333,0.2857142857142857,0.2857142857142857,3.0,0.0,0.0,0.125,4.1875,0.14285714285714285,5.0,0.5625,0.9230769230769231,0.15384615384615385,0.23076923076923078,0.75,1.5
166,cin,2015,1.0,2.125,0.4,1.0666666666666667,2.625,1.0625,1.3125,0.875,4.8125,0.3333333333333333,3.9166666666666665,1.0666666666666667,0.8571428571428571,0.07142857142857142,0.07142857142857142,0.18181818181818182,0.09090909090909091
167,cle,2015,0.5,1.1428571428571428,3.5,6.0,1.9333333333333333,0.3333333333333333,0.3333333333333333,0.2857142857142857,5.785714285714286,0.15384615384615385,4.615384615384615,0.6666666666666666,0.8333333333333334,0.375,0.375,0.3333333333333333,0.5333333333333333
168,dal,2015,1.0769230769230769,0.9230769230769231,0.75,1.6666666666666667,2.1875,0.4375,0.5625,,7.8,0.7272727272727273,6.0,0.375,0.6363636363636364,0.7857142857142857,0.21428571428571427,0.8181818181818182,0.45454545454545453
169,den,2015,0.5,1.0,0.75,1.0833333333333333,8.25,0.75,0.75,0.7692307692307693,4.846153846153846,0.5,5.083333333333333,0.375,0.8666666666666667,0.5625,0.1875,0.5625,2.0
170,det,2015,0.9375,2.125,0.4666666666666667,0.7333333333333333,1.7142857142857142,0.42857142857142855,0.5714285714285714,0.3125,4.1875,0.25,7.875,0.8125,0.7777777777777778,0.5625,0.25,0.45454545454545453,0.2727272727272727
171,gnb,2015,0.4375,0.5625,0.4,0.8,5.25,0.5,0.25,0.1875,6.25,0.45454545454545453,6.181818181818182,1.0833333333333333,1.5555555555555556,0.875,1.1875,0.5625,1.0
172,htx,2015,1.8125,3.125,0.1875,0.5625,inf,inf,inf,0.46153846153846156,4.6923076923076925,0.9090909090909091,3.272727272727273,1.375,0.6,0.25,0.125,0.6363636363636364,0.18181818181818182
173,clt,2015,0.6875,1.125,0.6,0.8,1.9375,0.25,0.1875,0.5,4.75,0.46153846153846156,5.769230769230769,1.0,1.0,0.625,0.1875,0.3076923076923077,0.46153846153846156
174,jax,2015,0.625,0.5,0.4444444444444444,0.5555555555555556,2.5,0.375,0.375,0.14285714285714285,7.714285714285714,0.16666666666666666,4.416666666666667,0.4666666666666667,1.5333333333333334,0.9285714285714286,0.5,0.9285714285714286,0.21428571428571427
175,kan,2015,0.8461538461538461,0.6923076923076923,0.5833333333333334,0.6666666666666666,0.0,0.0,0.0,0.75,4.875,0.6666666666666666,4.066666666666666,1.625,0.9230769230769231,0.5,0.3125,0.2857142857142857,0.07142857142857142
176,rai,2015,1.4375,1.5,0.3,0.6,3.2,0.2,0.3333333333333333,0.5625,4.625,0.6428571428571429,3.7142857142857144,0.6428571428571429,0.6153846153846154,0.75,0.375,0.3333333333333333,0.2222222222222222
177,sdg,2015,0.3333333333333333,0.4666666666666667,0.45454545454545453,0.36363636363636365,12.0,0.5,0.5,0.46153846153846156,6.0,0.3333333333333333,5.416666666666667,0.9230769230769231,0.4,0.875,1.25,0.3333333333333333,0.25
178,ram,2015,1.0909090909090908,1.2727272727272727,0.2222222222222222,0.6666666666666666,4.3125,1.375,2.3125,0.3125,5.125,0.09090909090909091,5.7272727272727275,1.0,1.3076923076923077,0.125,0.5625,1.3333333333333333,0.3333333333333333
179,mia,2015,1.125,2.25,0.4444444444444444,0.8888888888888888,3.8125,1.0625,1.25,0.625,8.4375,0.15384615384615385,6.538461538461538,0.9333333333333333,0.9090909090909091,1.0,0.0,0.46153846153846156,0.0
180,min,2015,0.5,0.625,0.9333333333333333,2.0,4.666666666666667,0.5833333333333334,0.3333333333333333,0.23076923076923078,5.6923076923076925,0.23076923076923078,5.076923076923077,0.75,0.6875,0.2857142857142857,0.5714285714285714,0.4166666666666667,0.4166666666666667
181,nwe,2015,0.375,1.0625,0.7333333333333333,1.2,2.3333333333333335,0.06666666666666667,0.2,0.6428571428571429,6.071428571428571,0.35714285714285715,4.571428571428571,0.9375,1.0,0.6666666666666666,0.5833333333333334,0.4166666666666667,0.5
182,nor,2015,0.9375,1.25,0.36363636363636365,0.09090909090909091,2.2857142857142856,0.07142857142857142,0.14285714285714285,0.3125,6.5,0.25,4.416666666666667,0.625,1.1875,0.3125,0.25,0.2,0.5
183,nyg,2015,1.0,2.0,0.5,0.875,2.0,0.23076923076923078,0.6153846153846154,0.5625,7.0,0.5833333333333334,4.916666666666667,0.8666666666666667,1.0,0.0,0.0,0.5555555555555556,0.1111111111111111
184,nyj,2015,0.7333333333333333,1.8666666666666667,0.4666666666666667,1.4,inf,,,0.4375,5.125,0.5,5.75,0.8,0.6428571428571429,0.375,0.4375,0.4375,0.5625
185,phi,2015,0.6875,1.25,0.3076923076923077,0.23076923076923078,14.0,0.5,0.0,0.625,6.8125,0.4375,4.4375,0.7142857142857143,0.9090909090909091,0.5625,1.0,0.6923076923076923,0.5384615384615384
186,pit,2015,0.9375,0.8125,0.5714285714285714,0.8571428571428571,11.0,3.0,1.0,0.5625,5.0,0.6153846153846154,6.153846153846154,0.6875,0.4375,0.375,0.625,0.06666666666666667,0.3333333333333333
187,sfo,2015,0.26666666666666666,0.4666666666666667,0.0,0.5714285714285714,5.0,0.3333333333333333,0.3333333333333333,0.4375,4.4375,0.375,8.125,0.7333333333333333,0.6153846153846154,0.4375,0.5,0.42857142857142855,0.7142857142857143
188,sea,2015,1.125,1.875,0.6875,1.6875,2.25,0.125,0.25,0.5625,4.0,0.36363636363636365,6.7272727272727275,0.875,0.4,0.25,0.125,0.13333333333333333,0.26666666666666666
189,tam,2015,0.7272727272727273,0.7272727272727273,0.45454545454545453,1.0,2.2666666666666666,0.5333333333333333,1.1333333333333333,0.26666666666666666,5.8,0.46153846153846156,6.076923076923077,0.6666666666666666,0.14285714285714285,0.625,0.3125,0.5,0.4166666666666667
190,oti,2015,0.6875,0.8125,0.1875,0.1875,inf,inf,inf,0.21428571428571427,7.214285714285714,0.3076923076923077,4.230769230769231,0.5333333333333333,0.5384615384615384,0.75,0.625,0.3333333333333333,0.4
191,was,2015,0.35714285714285715,0.9285714285714286,1.0,1.7,25.0,5.0,3.0,0.2,7.333333333333333,0.2857142857142857,6.857142857142857,1.1428571428571428,0.8,0.75,0.8125,0.21428571428571427,0.7142857142857143
192,crd,2016,0.75,1.3125,0.5384615384615384,0.23076923076923078,15.0,1.0,3.0,0.35714285714285715,6.857142857142857,0.4,3.5,0.375,0.8461538461538461,0.5625,0.4375,0.9375,1.3125
193,atl,2016,0.2857142857142857,0.6428571428571429,1.1428571428571428,2.142857142857143,4.5,0.75,1.25,0.1875,5.625,0.5714285714285714,7.571428571428571,1.1875,0.4444444444444444,0.3076923076923077,0.15384615384615385,0.9166666666666666,1.3333333333333333
194,rav,2016,0.6,0.7333333333333333,0.5,0.9,35.0,5.0,5.0,0.8125,5.5625,0.3125,4.5625,0.7272727272727273,0.36363636363636365,0.4,0.06666666666666667,0.7333333333333333,1.0666666666666667
195,buf,2016,0.7333333333333333,1.0,0.36363636363636365,0.2727272727272727,inf,inf,inf,0.5625,5.4375,1.0,4.0,0.8,0.8571428571428571,0.6875,0.5,0.3125,0.1875
196,car,2016,0.15384615384615385,1.0769230769230769,0.0,0.4,3.4375,0.75,1.0625,0.4666666666666667,6.333333333333333,0.7,5.3,0.7692307692307693,0.8181818181818182,0.3125,0.3125,0.3333333333333333,0.16666666666666666
197,chi,2016,0.6875,1.0625,0.1111111111111111,0.3333333333333333,0.0,0.0,0.0,0.2857142857142857,4.642857142857143,0.4166666666666667,6.5,0.6,1.1111111111111112,0.6666666666666666,0.75,0.5,0.75
198,cin,2016,0.4375,1.4375,0.375,0.625,2.0,0.8125,1.625,0.4375,4.625,0.3333333333333333,5.4,0.4375,0.7142857142857143,0.08333333333333333,0.0,0.45454545454545453,0.36363636363636365
199,cle,2016,0.5,1.0,0.2,0.4,10.0,0.0,1.5,,6.0,0.14285714285714285,6.142857142857143,0.9285714285714286,0.8461538461538461,0.6875,0.4375,0.5,1.0
200,dal,2016,0.5714285714285714,0.5714285714285714,0.3,0.6,2.6666666666666665,0.2,0.4666666666666667,0.625,5.5,0.3333333333333333,7.083333333333333,0.5625,0.8888888888888888,0.25,0.3125,0.8,0.13333333333333333
201,den,2016,0.26666666666666666,0.8666666666666667,0.2857142857142857,1.3571428571428572,9.5,0.5,0.0,0.375,4.25,0.5714285714285714,6.214285714285714,0.7333333333333333,0.9230769230769231,0.8125,1.5,0.13333333333333333,0.26666666666666666
202,det,2016,0.25,0.625,0.5384615384615384,1.1538461538461537,1.6923076923076923,0.0,0.23076923076923078,0.3125,4.25,0.14285714285714285,6.357142857142857,0.5625,1.0,0.2,0.0,0.5,0.0
203,gnb,2016,0.5,0.6875,0.75,3.0,inf,inf,inf,0.4375,5.0,0.6,6.2,0.8,1.0,1.0,1.3333333333333333,0.6363636363636364,1.0909090909090908
204,htx,2016,1.1428571428571428,1.2142857142857142,0.2857142857142857,0.2857142857142857,inf,,,0.6923076923076923,4.230769230769231,0.6363636363636364,4.363636363636363,1.4545454545454546,0.8181818181818182,0.5,0.6875,0.8666666666666667,1.4666666666666666
205,clt,2016,0.125,0.0,0.2857142857142857,0.14285714285714285,4.75,1.0,1.5,0.13333333333333333,5.266666666666667,0.5555555555555556,6.555555555555555,0.7142857142857143,0.7777777777777778,0.625,1.0625,0.4166666666666667,0.25
206,jax,2016,0.4,0.9333333333333333,0.6,0.6,2.0625,0.6875,1.1875,0.25,7.9375,0.125,2.5625,0.875,0.5,0.5,0.1875,0.875,0.125
207,kan,2016,0.45454545454545453,0.9090909090909091,1.0,0.6,5.75,0.5,1.75,0.5625,4.8125,0.75,3.8125,1.0666666666666667,1.3333333333333333,0.8571428571428571,1.2142857142857142,0.6153846153846154,0.15384615384615385
208,rai,2016,0.875,1.625,0.0,0.7692307692307693,1.5454545454545454,0.0,0.2727272727272727,0.75,4.0625,0.6666666666666666,6.666666666666667,1.0666666666666667,0.7333333333333333,0.5625,1.5625,0.21428571428571427,0.14285714285714285
209,sdg,2016,0.625,0.4375,1.5454545454545454,1.9090909090909092,5.5,0.0,1.0,0.5625,3.75,0.5,6.25,1.4285714285714286,0.5,0.625,1.1875,0.7272727272727273,0.18181818181818182
210,ram,2016,0.7142857142857143,1.1428571428571428,0.75,0.625,2.9375,1.0625,1.9375,0.375,4.0,0.2857142857142857,3.5714285714285716,0.7857142857142857,0.7,0.5625,0.1875,0.4375,0.1875
211,mia,2016,0.7272727272727273,1.0909090909090908,0.5454545454545454,2.1818181818181817,4.5,0.6875,1.0625,0.3333333333333333,5.2,0.125,7.25,0.7692307692307693,1.1538461538461537,0.3333333333333333,0.4,0.2857142857142857,0.0
212,min,2016,0.5625,1.375,0.4375,0.875,4.8125,0.3125,1.0625,0.14285714285714285,6.5,0.2857142857142857,4.928571428571429,0.7857142857142857,0.8,0.1875,0.5,0.6428571428571429,0.2857142857142857
213,nwe,2016,1.0,1.75,0.875,1.25,3.0625,0.5,0.125,0.4375,5.1875,0.1875,5.6875,1.0625,0.8461538461538461,0.07692307692307693,0.6153846153846154,0.2727272727272727,0.45454545454545453
214,nor,2016,1.0625,1.5,0.46153846153846156,0.6923076923076923,2.6875,0.5625,1.375,0.2,5.466666666666667,0.45454545454545453,6.181818181818182,1.0833333333333333,1.375,0.4,0.4,0.625,1.0
215,nyg,2016,1.0625,1.4375,0.5833333333333334,1.3333333333333333,5.375,0.375,0.25,0.8125,7.8125,0.38461538461538464,3.5384615384615383,1.2,0.6363636363636364,0.3333333333333333,0.2,0.0,0.0
216,nyj,2016,0.6875,1.1875,0.7142857142857143,0.8571428571428571,9.0,0.0,0.0,0.4,4.133333333333334,0.23076923076923078,4.230769230769231,0.3333333333333333,0.42857142857142855,0.3333333333333333,0.13333333333333333,0.9285714285714286,0.6428571428571429
217,phi,2016,0.875,1.375,0.375,0.625,2.6875,0.5625,0.875,0.4375,5.1875,0.5625,4.5,0.6875,1.3333333333333333,0.625,0.1875,0.375,0.3125
218,pit,2016,0.5714285714285714,1.0,0.5714285714285714,0.7142857142857143,2.0,0.5,0.25,0.5625,4.8125,0.5555555555555556,7.777777777777778,0.875,1.4444444444444444,0.3125,0.6875,0.75,0.5833333333333334
219,sfo,2016,0.4666666666666667,1.2,0.09090909090909091,0.09090909090909091,0.0,0.0,0.0,0.1875,6.875,0.5,6.2,0.875,1.2,0.625,0.5,0.23076923076923078,0.46153846153846156
220,sea,2016,0.5,1.625,1.2727272727272727,1.7272727272727273,2.4375,0.375,0.125,0.6666666666666666,7.166666666666667,0.9090909090909091,4.363636363636363,0.8125,0.9333333333333333,0.4375,1.125,0.75,0.5
221,tam,2016,0.6428571428571429,0.5,0.7,1.9,2.2666666666666666,0.3333333333333333,0.9333333333333333,0.625,5.6875,0.45454545454545453,6.2727272727272725,0.5625,1.5,0.75,0.4375,1.0625,0.5
222,oti,2016,0.125,0.1875,0.5333333333333333,1.2,8.666666666666666,0.6666666666666666,1.6666666666666667,0.42857142857142855,2.857142857142857,0.5714285714285714,8.428571428571429,0.8571428571428571,1.2222222222222223,0.1875,0.3125,0.8125,1.1875
223,was,2016,0.4375,0.625,0.5,0.3333333333333333,1.0,0.0,0.5,0.2,6.6,,7.333333333333333,1.1875,0.7857142857142857,1.125,1.5,0.5,0.75
224,crd,2017,0.375,0.5625,1.2857142857142858,1.2857142857142858,5.666666666666667,0.6666666666666666,1.0,0.4375,4.875,0.6666666666666666,7.666666666666667,0.5,1.3333333333333333,1.75,2.0625,0.4666666666666667,0.3333333333333333
225,atl,2017,0.42857142857142855,0.5,0.21428571428571427,0.07142857142857142,3.4375,0.9375,0.8125,0.375,7.25,0.13333333333333333,3.6,1.25,0.8,0.625,0.0,0.1875,0.375
226,rav,2017,0.4166666666666667,0.16666666666666666,0.2222222222222222,0.1111111111111111,11.0,2.0,3.6666666666666665,0.125,4.9375,0.5,3.9375,0.75,0.75,0.6875,0.3125,0.6875,1.25
227,buf,2017,0.75,0.6875,0.4,0.5,2.5625,0.1875,0.5625,0.8125,5.125,0.8666666666666667,6.333333333333333,1.125,0.8181818181818182,0.4375,0.125,0.6363636363636364,1.3636363636363635
228,car,2017,0.625,0.9375,0.0,0.18181818181818182,3.0625,0.4375,1.0625,0.625,4.3125,0.25,6.333333333333333,0.625,0.7142857142857143,0.4666666666666667,0.3333333333333333,0.3333333333333333,0.4666666666666667
229,chi,2017,0.9375,1.25,0.5,0.625,8.0,0.0,0.0,0.375,4.5625,0.3,6.9,1.375,0.5833333333333334,0.3333333333333333,0.4166666666666667,0.16666666666666666,1.5
230,cin,2017,0.75,1.5,0.7333333333333333,0.4666666666666667,3.066666666666667,0.6666666666666666,1.3333333333333333,0.3125,5.0,0.2727272727272727,4.454545454545454,1.0,0.4444444444444444,0.09090909090909091,0.0,0.36363636363636365,0.18181818181818182
231,cle,2017,0.75,0.6666666666666666,0.5,0.5,2.7333333333333334,0.4666666666666667,0.26666666666666666,0.23076923076923078,4.461538461538462,0.6,5.7,0.6666666666666666,1.0,0.25,0.375,0.375,0.375
232,dal,2017,0.875,1.625,0.2857142857142857,0.8571428571428571,1.375,0.25,0.5625,0.3125,5.125,0.3333333333333333,4.733333333333333,0.2727272727272727,1.1,0.75,0.16666666666666666,1.1818181818181819,0.09090909090909091
233,den,2017,0.3076923076923077,0.38461538461538464,0.5454545454545454,0.5454545454545454,19.0,2.0,2.0,0.3333333333333333,4.2,0.38461538461538464,5.3076923076923075,0.4666666666666667,0.4666666666666667,0.375,0.1875,1.0625,1.4375
234,det,2017,0.6875,1.0,1.0714285714285714,1.2142857142857142,3.3125,0.25,0.375,0.375,5.25,0.8181818181818182,5.0,1.625,0.26666666666666666,0.5625,0.25,0.2857142857142857,0.2857142857142857
235,gnb,2017,0.7142857142857143,1.0,0.45454545454545453,0.45454545454545453,inf,inf,inf,0.375,4.9375,0.25,5.666666666666667,0.75,0.5,0.625,0.125,0.5714285714285714,1.5
236,htx,2017,0.21428571428571427,0.42857142857142855,0.1111111111111111,0.1111111111111111,3.5,0.5,0.0,0.3125,4.4375,0.46153846153846156,4.3076923076923075,0.5625,0.7142857142857143,0.625,0.5,1.3125,1.3125
237,clt,2017,0.26666666666666666,0.4,0.5,0.875,14.0,3.0,5.0,0.4666666666666667,6.533333333333333,0.14285714285714285,6.428571428571429,1.3,1.1666666666666667,0.5625,0.875,0.2,0.0
238,jax,2017,0.875,1.875,0.625,1.4375,2.5,0.625,0.6875,0.5,4.625,0.4375,4.0,1.0625,1.125,0.3125,0.3125,0.8571428571428571,0.14285714285714285
239,kan,2017,0.46153846153846156,0.15384615384615385,0.0,0.09090909090909091,9.0,1.0,3.0,0.26666666666666666,4.466666666666667,0.42857142857142855,6.357142857142857,0.6428571428571429,2.0,0.3333333333333333,0.0,1.0666666666666667,1.3333333333333333
240,rai,2017,0.9375,1.375,0.2857142857142857,0.6428571428571429,3.4285714285714284,0.07142857142857142,0.07142857142857142,0.3125,5.5625,0.26666666666666666,5.266666666666667,0.5625,0.5714285714285714,0.875,0.75,0.5,0.4
241,sdg,2017,0.6875,1.3125,1.0625,1.5625,1.875,0.125,0.125,0.4375,6.0,0.5333333333333333,5.266666666666667,1.375,0.8666666666666667,0.09090909090909091,0.18181818181818182,0.3,0.0
242,ram,2017,0.5333333333333333,0.5333333333333333,1.0714285714285714,1.9285714285714286,3.5,0.0,0.25,0.75,4.083333333333333,1.0,6.818181818181818,0.9333333333333333,0.6363636363636364,0.2,0.3333333333333333,0.6428571428571429,0.8571428571428571
243,mia,2017,0.75,1.6875,0.35714285714285715,0.5714285714285714,3.0,0.5625,0.75,0.3125,7.625,0.375,5.625,0.8125,0.6363636363636364,0.375,0.3125,0.35714285714285715,0.21428571428571427
244,min,2017,0.75,0.6875,0.8,1.6666666666666667,4.25,0.3125,0.625,0.75,4.875,0.5384615384615384,6.153846153846154,0.6875,0.625,0.625,0.375,0.5625,0.25
245,nwe,2017,0.4,0.26666666666666666,0.5714285714285714,1.7857142857142858,4.083333333333333,0.3333333333333333,0.4166666666666667,0.3125,6.0625,0.8181818181818182,7.636363636363637,0.8,0.6923076923076923,0.42857142857142855,0.42857142857142855,0.5833333333333334,0.75
246,nor,2017,1.0625,1.75,0.5,0.9,1.625,0.3125,0.5625,0.4666666666666667,4.866666666666666,0.5833333333333334,5.0,1.3076923076923077,1.3846153846153846,0.4166666666666667,0.08333333333333333,0.5,0.25
247,nyg,2017,0.6875,0.8125,0.5,1.0,4.75,0.4375,0.1875,0.375,4.6875,0.4,6.933333333333334,1.2222222222222223,1.0,0.6363636363636364,0.6363636363636364,0.375,0.25
248,nyj,2017,0.1875,1.5625,0.3333333333333333,0.5,11.666666666666666,0.0,0.3333333333333333,0.375,5.1875,0.125,4.9375,0.6,0.5333333333333333,0.8125,0.9375,0.6,0.4
249,phi,2017,0.625,1.125,1.0,0.9333333333333333,1.9333333333333333,0.6,0.5333333333333333,0.5,4.75,0.42857142857142855,3.857142857142857,0.9333333333333333,2.25,0.3333333333333333,0.2,0.3076923076923077,0.38461538461538464
250,pit,2017,1.0666666666666667,1.4666666666666666,0.6666666666666666,1.0,inf,inf,inf,0.5,5.75,0.15384615384615385,4.076923076923077,0.8125,0.6363636363636364,0.6875,0.875,0.6666666666666666,0.8666666666666667
251,sfo,2017,0.8333333333333334,0.9166666666666666,,,3.8125,0.3125,1.375,0.3333333333333333,5.583333333333333,0.3333333333333333,6.111111111111111,0.4375,0.7777777777777778,0.3,0.3,0.5,0.4
252,sea,2017,0.875,1.5,0.8333333333333334,1.75,2.933333333333333,0.2,0.4666666666666667,0.5,6.285714285714286,0.2222222222222222,5.444444444444445,1.3636363636363635,0.7777777777777778,0.8125,0.8125,0.3333333333333333,0.13333333333333333
253,tam,2017,0.3,1.6,0.4,0.1,3.1333333333333333,0.8666666666666667,1.6,0.5714285714285714,5.5,0.5454545454545454,6.0,0.8461538461538461,0.5,0.6153846153846154,0.23076923076923078,0.5833333333333334,0.25
254,oti,2017,0.75,1.1875,0.3333333333333333,0.4166666666666667,inf,inf,inf,1.0,5.4375,0.1,5.7,1.0625,0.7333333333333333,0.6875,0.5625,0.3125,0.25
255,was,2017,0.3,1.7,0.0,0.4,10.0,1.5,1.5,0.625,4.9375,0.625,7.75,0.6428571428571429,1.3571428571428572,0.9375,1.0625,0.625,1.3125
256,crd,2018,0.8125,1.125,0.45454545454545453,0.5454545454545454,3.3333333333333335,0.6,0.26666666666666666,0.25,7.5625,0.07692307692307693,7.846153846153846,0.3125,0.5,0.6666666666666666,0.5,0.45454545454545453,0.2727272727272727
257,atl,2018,0.7777777777777778,0.8888888888888888,0.875,1.875,3.7142857142857144,0.5714285714285714,1.1428571428571428,0.6666666666666666,5.466666666666667,0.25,3.25,0.75,0.7333333333333333,0.3076923076923077,0.23076923076923078,0.2,0.1
258,rav,2018,0.1875,0.0625,0.125,0.0625,16.0,2.0,1.0,0.1875,4.25,0.42857142857142855,5.285714285714286,0.6875,0.9,0.8125,0.9375,0.4,0.13333333333333333
259,buf,2018,0.8125,1.125,0.5,0.9,2.1875,0.375,0.875,0.375,6.25,0.3333333333333333,3.8666666666666667,0.5,0.42857142857142855,0.3333333333333333,0.4666666666666667,0.9230769230769231,0.23076923076923078
260,car,2018,0.6875,0.75,0.75,1.375,1.0625,0.25,0.1875,0.375,4.6875,0.38461538461538464,5.461538461538462,0.5625,0.9375,1.25,0.3125,0.25,0.16666666666666666
261,chi,2018,0.75,1.0,0.8333333333333334,1.1666666666666667,0.0,0.0,0.0,0.5625,4.5625,1.0714285714285714,3.642857142857143,1.3125,0.8,0.5,0.25,0.5625,0.6875
262,cin,2018,0.5,1.3125,0.13333333333333333,0.13333333333333333,2.8125,0.8125,1.1875,0.5625,6.875,0.4375,6.9375,0.8125,0.6923076923076923,0.5,0.1,0.0,0.0
263,cle,2018,0.75,1.8125,0.21428571428571427,0.5714285714285714,3.25,0.625,0.9375,0.3125,4.9375,0.6,5.666666666666667,0.9166666666666666,1.0,0.8125,0.4375,0.23076923076923078,0.46153846153846156
264,dal,2018,1.0,1.5333333333333334,0.26666666666666666,0.8,2.2666666666666666,0.13333333333333333,0.3333333333333333,0.3125,5.3125,0.6428571428571429,4.0,0.875,0.7857142857142857,0.375,0.375,0.18181818181818182,0.09090909090909091
265,den,2018,0.1875,0.375,0.3333333333333333,0.5833333333333334,inf,inf,inf,0.25,6.0625,0.21428571428571427,4.285714285714286,0.8,0.8333333333333334,0.375,0.3125,0.875,1.3125
266,det,2018,0.5714285714285714,1.0,0.5,0.25,2.727272727272727,0.2727272727272727,0.18181818181818182,0.5,4.875,0.1875,4.625,1.1333333333333333,0.35714285714285715,0.625,0.625,0.1875,0.25
267,gnb,2018,0.1111111111111111,0.5555555555555556,0.625,0.625,20.0,1.0,2.0,0.125,3.375,0.2,5.0,0.125,1.0,0.625,0.375,0.4375,0.75
268,htx,2018,1.125,1.5625,0.3125,0.1875,6.0,0.25,0.5,0.5,5.5625,0.8333333333333334,7.333333333333333,1.0625,0.9285714285714286,0.3125,0.3125,0.21428571428571427,0.14285714285714285
269,clt,2018,0.875,0.8125,0.8666666666666667,0.4,2.0,0.8666666666666667,0.4,0.2857142857142857,3.142857142857143,0.25,7.416666666666667,0.7333333333333333,0.6666666666666666,0.8,0.5333333333333333,0.7142857142857143,0.14285714285714285
270,jax,2018,1.25,1.375,0.8125,2.0625,2.1333333333333333,0.13333333333333333,0.13333333333333333,0.4375,3.375,0.18181818181818182,3.4545454545454546,0.8125,0.6153846153846154,0.25,0.1875,0.0625,0.25
271,kan,2018,0.38461538461538464,0.7692307692307693,1.7272727272727273,2.6363636363636362,11.75,0.5,1.0,0.35714285714285715,5.5,0.2222222222222222,6.111111111111111,0.9375,0.8,0.8125,1.8125,0.13333333333333333,0.06666666666666667
272,rai,2018,0.13333333333333333,0.26666666666666666,0.4,1.1,2.5714285714285716,0.2857142857142857,0.14285714285714285,0.375,3.625,0.25,6.0,1.0714285714285714,0.7777777777777778,0.5625,0.0625,0.3,0.3
273,sdg,2018,0.5,1.0,0.2727272727272727,0.6363636363636364,2.5384615384615383,0.5384615384615384,0.6923076923076923,0.8125,6.5625,0.1875,4.6875,0.5,0.8888888888888888,0.4,0.1,0.1111111111111111,0.1111111111111111
274,ram,2018,0.25,0.25,inf,inf,3.6875,1.5625,2.5625,0.6875,7.4375,0.2,5.2,0.5,0.625,0.5625,0.25,0.42857142857142855,0.42857142857142855
275,mia,2018,0.5625,0.9375,0.35714285714285715,1.2142857142857142,3.0,0.375,0.25,0.35714285714285715,6.142857142857143,0.6923076923076923,5.538461538461538,0.38461538461538464,1.0,0.3125,0.0,0.2,0.2
276,min,2018,1.3125,1.1875,0.5,1.3,3.0625,0.375,1.0,0.375,5.25,0.6666666666666666,5.111111111111111,0.5,0.5714285714285714,0.21428571428571427,0.07142857142857142,0.6153846153846154,0.3076923076923077
277,nwe,2018,0.6,1.3333333333333333,0.8,3.2,3.933333333333333,0.06666666666666667,0.7333333333333333,0.25,5.125,0.21428571428571427,6.0,1.25,0.8333333333333334,0.3125,0.625,0.2,0.4
278,nor,2018,1.125,1.3125,0.3125,0.5625,2.5,0.75,0.9375,0.1875,3.6875,,3.5555555555555554,0.75,0.9,0.6875,0.6875,0.4666666666666667,0.26666666666666666
279,nyg,2018,0.3125,0.0,0.5,0.6666666666666666,inf,,inf,0.3125,4.6875,0.3333333333333333,8.0,0.9375,0.46153846153846156,0.46153846153846156,0.3076923076923077,0.3076923076923077,0.23076923076923078
280,nyj,2018,0.6875,1.25,0.0,0.2857142857142857,0.0,0.0,0.0,0.75,7.1875,0.7,4.8,0.9333333333333333,0.7,0.375,0.25,0.4166666666666667,0.16666666666666666
281,phi,2018,0.5625,0.6875,1.5,3.0,2.875,0.75,2.125,0.5,6.0625,0.5555555555555556,6.222222222222222,1.3333333333333333,0.4444444444444444,0.26666666666666666,0.26666666666666666,0.4166666666666667,0.5
282,pit,2018,0.5,1.4285714285714286,0.5,0.5,3.1875,0.625,1.125,0.4666666666666667,5.333333333333333,0.26666666666666666,5.2,0.8,0.6,0.75,1.3125,0.5333333333333333,0.8666666666666667
283,sfo,2018,0.375,0.75,0.23076923076923078,0.46153846153846156,4.1875,1.0625,1.25,0.25,5.25,1.0,5.714285714285714,0.2857142857142857,0.3333333333333333,0.1875,0.125,0.5,0.3333333333333333
284,sea,2018,0.625,1.6875,0.4166666666666667,1.25,3.125,0.75,1.5,0.5625,4.875,0.3,5.7,0.5,0.4,0.4,0.5333333333333333,0.21428571428571427,0.14285714285714285
285,tam,2018,1.0,1.25,1.3333333333333333,1.5555555555555556,2.0,0.42857142857142855,1.5,0.36363636363636365,6.909090909090909,0.2,5.9,0.46153846153846156,0.3333333333333333,0.9285714285714286,0.5,0.4,0.1
286,oti,2018,0.25,0.3125,0.7333333333333333,0.7333333333333333,inf,,,0.5,5.625,0.3076923076923077,4.461538461538462,0.5714285714285714,0.7692307692307693,0.35714285714285715,0.5,0.23076923076923078,0.5384615384615384
287,was,2018,0.6875,0.9375,0.6666666666666666,1.2222222222222223,9.0,1.0,1.0,0.6666666666666666,3.533333333333333,0.3333333333333333,7.333333333333333,0.5625,0.5,0.25,0.0625,0.3125,1.0
288,crd,2019,0.6923076923076923,0.7692307692307693,0.6666666666666666,1.1666666666666667,6.333333333333333,0.3333333333333333,0.6666666666666666,0.375,9.1875,0.3333333333333333,6.333333333333333,0.625,0.7,0.6875,0.4375,0.6875,1.625
289,atl,2019,0.5333333333333333,0.8,0.5384615384615384,1.0,4.3125,0.75,1.0,0.5,5.3125,0.21428571428571427,5.285714285714286,0.6875,0.7777777777777778,0.5,0.25,0.4,0.13333333333333333
290,rav,2019,0.14285714285714285,0.35714285714285715,0.2857142857142857,0.8571428571428571,inf,,,0.375,3.0625,0.26666666666666666,3.2666666666666666,0.375,0.9333333333333333,0.875,2.0625,0.6666666666666666,1.0
291,buf,2019,0.5625,0.5625,0.375,0.5625,1.1875,0.1875,0.1875,0.1875,6.6875,0.125,4.5,0.5625,1.1333333333333333,0.625,0.25,0.4666666666666667,0.4666666666666667
292,car,2019,0.4375,0.8125,0.7777777777777778,0.8888888888888888,2.0,0.5,1.5,0.375,8.125,0.6875,4.25,0.8,0.7272727272727273,0.25,0.3125,0.4,0.9333333333333333
293,chi,2019,0.42857142857142855,1.4285714285714286,1.0,1.8,2.25,0.08333333333333333,0.16666666666666666,0.3125,4.875,0.3125,3.75,0.75,0.6666666666666666,0.5,0.875,0.1875,0.75
294,cin,2019,0.6666666666666666,0.8666666666666667,0.9285714285714286,1.5,3.357142857142857,0.2857142857142857,0.7142857142857143,0.5625,6.25,0.2,7.6,0.23076923076923078,0.5833333333333334,0.1875,0.25,0.4444444444444444,0.0
295,cle,2019,1.1,1.8,0.4,1.1,4.133333333333334,0.26666666666666666,0.4,0.5454545454545454,5.545454545454546,0.25,5.125,0.9166666666666666,0.16666666666666666,0.4375,0.25,0.2857142857142857,0.14285714285714285
296,dal,2019,0.625,1.0,0.9285714285714286,1.5714285714285714,1.25,0.375,0.625,0.3333333333333333,5.133333333333334,0.5384615384615384,4.846153846153846,0.875,0.42857142857142855,0.375,0.1875,0.3076923076923077,0.07692307692307693
297,den,2019,0.5,0.375,0.6666666666666666,1.0,14.0,3.0,6.0,0.9375,5.8125,0.7692307692307693,5.461538461538462,0.375,0.5,0.6666666666666666,1.3333333333333333,0.42857142857142855,0.07142857142857142
298,det,2019,0.5333333333333333,1.4,0.5,0.0,3.2666666666666666,0.2,0.13333333333333333,0.38461538461538464,7.538461538461538,0.6666666666666666,8.583333333333334,0.9285714285714286,1.1818181818181819,0.6,1.0,0.15384615384615385,0.23076923076923078
299,gnb,2019,0.125,0.125,0.2,0.2,5.5,0.0,0.0,0.5,5.25,0.35714285714285715,3.9285714285714284,1.0625,1.0714285714285714,0.3125,0.1875,1.0625,2.3125
300,htx,2019,0.13333333333333333,0.06666666666666667,0.5,2.625,23.0,1.0,2.0,0.3333333333333333,5.2,0.5714285714285714,3.642857142857143,1.1818181818181819,0.8,0.4375,0.1875,0.5625,1.0
301,clt,2019,0.8125,1.125,0.4166666666666667,0.75,2.2857142857142856,0.2857142857142857,0.7857142857142857,0.23076923076923078,3.923076923076923,0.1,5.4,0.38461538461538464,0.2727272727272727,0.375,0.1875,0.5384615384615384,0.46153846153846156
302,jax,2019,0.625,1.5625,0.8666666666666667,1.0,2.066666666666667,0.06666666666666667,0.2,0.25,4.9375,0.6428571428571429,5.071428571428571,0.5714285714285714,0.9285714285714286,0.2727272727272727,0.18181818181818182,0.25,0.0
303,kan,2019,1.0909090909090908,1.2727272727272727,0.5555555555555556,1.0,3.0,0.1875,0.0625,0.75,4.6875,0.3125,3.625,0.625,0.5333333333333333,0.1875,0.25,0.26666666666666666,0.26666666666666666
304,rai,2019,0.5333333333333333,0.5333333333333333,1.6,1.4,3.125,0.4375,0.375,0.5714285714285714,5.285714285714286,0.3333333333333333,5.444444444444445,0.5333333333333333,1.0,0.375,0.0625,0.25,0.5
305,sdg,2019,1.125,1.9375,0.8461538461538461,0.9230769230769231,2.076923076923077,0.07692307692307693,0.15384615384615385,0.25,3.375,0.3333333333333333,6.666666666666667,0.5,0.75,0.1875,0.125,0.5,0.0
306,ram,2019,0.1875,0.5625,1.25,1.5,inf,,inf,0.25,6.75,0.8,10.0,0.8888888888888888,0.5,0.375,0.3125,1.1428571428571428,1.1428571428571428
307,mia,2019,0.21428571428571427,0.2857142857142857,0.0,0.0,7.333333333333333,0.3333333333333333,0.6666666666666666,0.5333333333333333,5.4,0.375,3.125,1.0,0.8,0.2,0.3333333333333333,0.25,0.16666666666666666
308,min,2019,0.9375,1.375,0.7333333333333333,1.6,1.4,0.13333333333333333,0.13333333333333333,0.7333333333333333,5.666666666666667,0.7857142857142857,4.285714285714286,0.4,0.5714285714285714,0.26666666666666666,0.13333333333333333,0.42857142857142855,0.5
309,nwe,2019,0.3125,0.3125,0.25,0.5833333333333334,4.357142857142857,0.14285714285714285,0.42857142857142855,0.4375,3.625,0.25,4.25,1.25,0.6,0.6666666666666666,0.6666666666666666,0.5333333333333333,0.8666666666666667
310,nor,2019,0.9375,1.5625,0.38461538461538464,1.2307692307692308,2.125,0.375,0.3125,0.8666666666666667,3.6666666666666665,0.38461538461538464,6.846153846153846,0.26666666666666666,1.0,0.6875,0.5625,0.3333333333333333,0.3333333333333333
311,nyg,2019,0.1875,0.5625,0.4,0.4,inf,inf,inf,0.375,6.875,0.45454545454545453,6.909090909090909,0.5333333333333333,1.0769230769230769,0.8125,1.6875,0.38461538461538464,0.15384615384615385
312,nyj,2019,0.23076923076923078,0.6923076923076923,0.0,0.7142857142857143,2.25,0.625,0.4375,0.4375,4.0625,0.5,5.357142857142857,0.6,0.3333333333333333,0.6923076923076923,1.0,0.5,0.6666666666666666
313,phi,2019,0.9375,1.0625,0.7142857142857143,1.5714285714285714,2.5,0.3125,0.625,0.5,5.0625,0.375,4.75,1.0,0.7777777777777778,0.3333333333333333,0.4166666666666667,0.16666666666666666,0.08333333333333333
314,pit,2019,1.0,1.1666666666666667,0.8,0.6,5.1875,0.6875,1.4375,0.1875,6.5625,0.6428571428571429,4.071428571428571,1.0625,0.5333333333333333,1.0,1.0625,0.875,2.25
315,sfo,2019,0.6875,1.125,1.1428571428571428,1.7857142857142858,3.875,0.5625,0.875,0.6153846153846154,5.0,0.16666666666666666,4.0,0.7333333333333333,0.8888888888888888,0.4375,0.3125,0.2727272727272727,0.18181818181818182
316,sea,2019,0.6363636363636364,1.1818181818181819,0.375,0.625,2.2857142857142856,0.35714285714285715,0.21428571428571427,0.42857142857142855,5.0,0.3333333333333333,3.1666666666666665,0.5333333333333333,0.9285714285714286,0.4375,0.25,0.3125,0.0625
317,tam,2019,0.4375,0.875,0.625,0.875,inf,inf,inf,0.6428571428571429,4.928571428571429,0.2727272727272727,4.181818181818182,1.3571428571428572,0.8,0.625,0.4375,1.1875,2.3125
318,oti,2019,0.35714285714285715,0.7142857142857143,0.5714285714285714,0.2857142857142857,8.0,1.0,2.0,0.5625,5.25,0.3125,5.25,1.125,0.6,0.5625,0.5,0.75,0.875
319,was,2019,0.4666666666666667,0.6666666666666666,0.7333333333333333,1.0666666666666667,14.0,2.0,5.0,0.26666666666666666,7.8,0.3076923076923077,4.6923076923076925,0.7272727272727273,0.75,0.1875,0.375,0.5,0.8125
320,crd,2020,0.0,0.0,0.5,0.5,1.2222222222222223,0.1111111111111111,0.3333333333333333,0.4,7.866666666666666,0.25,12.0,0.5,0.6363636363636364,0.6875,0.0625,0.4375,0.125
321,atl,2020,0.3076923076923077,0.6153846153846154,0.2727272727272727,0.5454545454545454,3.25,0.5,1.3125,0.14285714285714285,7.142857142857143,0.4166666666666667,2.0833333333333335,0.5,0.5,0.5625,0.625,0.2857142857142857,0.6428571428571429
322,rav,2020,0.4166666666666667,0.8333333333333334,0.75,0.5,6.333333333333333,0.6666666666666666,0.6666666666666666,0.25,6.0,0.25,5.0,0.7333333333333333,0.6428571428571429,0.5625,0.625,0.6923076923076923,1.6153846153846154
323,buf,2020,0.26666666666666666,0.7333333333333333,0.3333333333333333,0.6666666666666666,2.0625,0.375,0.375,0.3125,7.75,0.3333333333333333,4.666666666666667,0.7857142857142857,0.6666666666666666,0.26666666666666666,0.2,0.45454545454545453,0.8181818181818182
324,car,2020,0.5714285714285714,1.5,0.1111111111111111,0.3333333333333333,2.2666666666666666,0.5333333333333333,0.8,0.25,5.9375,0.3333333333333333,4.416666666666667,0.8461538461538461,0.8181818181818182,0.13333333333333333,0.3333333333333333,0.4,0.13333333333333333
325,chi,2020,0.4666666666666667,1.4,0.16666666666666666,0.8333333333333334,3.2666666666666666,0.4666666666666667,1.4,0.3125,5.125,0.4375,4.125,0.5,1.1538461538461537,1.125,0.375,0.1875,0.125
326,cin,2020,0.38461538461538464,0.8461538461538461,0.36363636363636365,2.909090909090909,2.7857142857142856,0.0,0.07142857142857142,0.9375,6.8125,0.3125,7.125,0.7857142857142857,0.4,0.3125,0.125,0.3333333333333333,0.0
327,cle,2020,0.7142857142857143,1.2857142857142858,0.9230769230769231,1.2307692307692308,4.0,0.3125,0.625,0.14285714285714285,4.785714285714286,0.5,8.375,0.8125,1.5,0.14285714285714285,0.21428571428571427,0.16666666666666666,0.16666666666666666
328,dal,2020,0.3125,0.875,0.7333333333333333,0.6666666666666666,3.2857142857142856,0.14285714285714285,0.2857142857142857,0.06666666666666667,4.8,0.3,7.1,1.2727272727272727,0.375,0.3125,0.25,0.1,0.1
329,den,2020,0.36363636363636365,1.0,0.875,1.375,inf,,,0.5625,6.0,0.25,5.5625,0.5454545454545454,0.5,0.25,0.3125,0.3125,0.3125
330,det,2020,0.15384615384615385,0.23076923076923078,1.2222222222222223,2.0,1.7692307692307692,0.15384615384615385,0.23076923076923078,0.3125,4.5625,0.5714285714285714,12.428571428571429,0.4666666666666667,0.3333333333333333,0.42857142857142855,0.21428571428571427,0.15384615384615385,0.07692307692307693
331,gnb,2020,0.125,0.25,0.3333333333333333,0.8888888888888888,7.666666666666667,0.0,0.0,0.5625,5.1875,0.8,5.0,0.8666666666666667,0.45454545454545453,0.75,1.4375,0.5384615384615384,0.8461538461538461
332,htx,2020,0.875,1.0625,0.2222222222222222,0.2222222222222222,inf,,,0.14285714285714285,5.071428571428571,0.3076923076923077,6.384615384615385,0.4375,0.7,0.4375,0.25,0.4166666666666667,0.25
333,clt,2020,0.5,0.75,0.6923076923076923,0.7692307692307693,3.3125,0.375,0.3125,0.42857142857142855,6.071428571428571,0.42857142857142855,3.0,0.75,0.9285714285714286,0.125,0.0625,0.5,0.21428571428571427
334,jax,2020,0.2857142857142857,0.21428571428571427,0.7142857142857143,2.4285714285714284,3.5555555555555554,0.3333333333333333,0.1111111111111111,0.07692307692307693,6.384615384615385,0.25,5.75,0.4166666666666667,0.75,0.375,0.375,0.42857142857142855,0.14285714285714285
335,kan,2020,0.5333333333333333,1.0,0.13333333333333333,0.26666666666666666,3.1333333333333333,0.0,0.06666666666666667,0.6,4.133333333333334,0.45454545454545453,8.272727272727273,0.46153846153846156,0.8181818181818182,0.2,0.13333333333333333,0.14285714285714285,0.2857142857142857
336,rai,2020,0.875,0.8125,0.2727272727272727,0.9090909090909091,3.0,0.0625,0.25,0.46153846153846156,6.615384615384615,0.4166666666666667,5.083333333333333,0.875,0.4444444444444444,0.2857142857142857,0.0,0.25,0.16666666666666666
337,sdg,2020,0.2727272727272727,1.2727272727272727,1.5,2.7,3.875,0.1875,0.125,0.26666666666666666,5.6,0.21428571428571427,4.928571428571429,1.0,0.6153846153846154,0.3125,0.0625,0.4,0.3
338,ram,2020,0.3333333333333333,0.6666666666666666,inf,,2.8125,0.875,1.75,0.5,6.5625,0.4166666666666667,5.0,0.625,0.6,0.6875,1.1875,0.21428571428571427,0.5
339,mia,2020,0.3333333333333333,0.25,0.5,1.75,inf,inf,,0.3333333333333333,3.066666666666667,0.7857142857142857,6.5,1.25,0.2857142857142857,0.7692307692307693,0.7692307692307693,0.6363636363636364,1.0
340,min,2020,0.2,1.0,0.2222222222222222,0.4444444444444444,2.75,0.1875,0.125,0.625,5.5625,0.4375,6.5,0.2,0.4,0.5333333333333333,0.6,0.36363636363636365,0.09090909090909091
341,nwe,2020,0.25,0.25,0.6666666666666666,1.3333333333333333,4.071428571428571,0.2857142857142857,0.5,0.25,6.8125,0.375,4.25,1.2727272727272727,0.2727272727272727,0.23076923076923078,0.23076923076923078,0.25,0.0
342,nor,2020,0.6875,1.0,0.8,1.6666666666666667,2.933333333333333,0.6666666666666666,1.0666666666666667,0.625,5.6875,0.5,4.214285714285714,0.7857142857142857,0.9230769230769231,0.625,0.75,0.3333333333333333,0.0
343,nyg,2020,0.4,0.6666666666666666,0.6666666666666666,1.3333333333333333,4.75,1.1666666666666667,2.5,0.6,6.266666666666667,0.7857142857142857,6.5,1.2,0.5,0.5625,0.375,0.7777777777777778,1.1111111111111112
344,nyj,2020,0.7692307692307693,1.0769230769230769,0.5,0.375,5.666666666666667,1.0,2.6666666666666665,0.6875,5.5,0.42857142857142855,5.142857142857143,0.4,1.0,0.375,0.25,0.25,0.5
345,phi,2020,0.8125,1.0,0.6,1.6,2.7333333333333334,0.6,0.6,0.2,4.933333333333334,0.5384615384615384,5.076923076923077,0.42857142857142855,0.375,0.4166666666666667,0.16666666666666666,0.45454545454545453,0.6363636363636364
346,pit,2020,0.6666666666666666,1.6666666666666667,1.0,3.0,3.6,0.4666666666666667,1.2666666666666666,0.6875,4.9375,0.6666666666666666,5.666666666666667,0.6,0.8571428571428571,1.5333333333333334,2.7333333333333334,1.0,0.2857142857142857
347,sfo,2020,0.375,0.8125,0.7142857142857143,1.2857142857142858,1.4285714285714286,0.5,0.21428571428571427,0.2857142857142857,5.214285714285714,0.125,6.5,0.5384615384615384,1.125,0.3125,0.4375,0.6363636363636364,0.18181818181818182
348,sea,2020,0.25,0.4375,5.0,4.0,2.375,0.3125,0.875,0.625,4.0,0.25,6.916666666666667,1.0,0.875,0.4375,0.6875,0.6875,0.1875
349,tam,2020,0.5625,1.1875,0.6666666666666666,1.6666666666666667,inf,inf,,0.375,5.875,0.25,4.625,1.2857142857142858,0.23076923076923078,0.75,0.1875,0.4375,0.875
350,oti,2020,0.3333333333333333,1.1111111111111112,0.0,2.0,3.2666666666666666,0.2,0.9333333333333333,0.4375,6.9375,0.38461538461538464,6.384615384615385,0.875,0.8333333333333334,0.0625,0.25,0.625,1.0
351,was,2020,0.75,1.25,0.6666666666666666,0.8,3.9375,0.1875,0.875,0.36363636363636365,8.0,0.14285714285714285,5.857142857142857,1.0,0.7857142857142857,0.4,0.4,0.2727272727272727,0.18181818181818182
352,crd,2021,0.35714285714285715,1.0,0.375,0.5,6.333333333333333,0.6666666666666666,0.0,0.4117647058823529,5.764705882352941,0.5833333333333334,10.083333333333334,0.75,0.3076923076923077,0.4117647058823529,0.29411764705882354,0.23529411764705882,0.23529411764705882
353,atl,2021,0.17647058823529413,0.7058823529411765,0.4,0.4,inf,,,0.29411764705882354,3.9411764705882355,0.6666666666666666,5.333333333333333,1.0,0.6875,0.23529411764705882,0.4117647058823529,0.5,0.25
354,rav,2021,0.35714285714285715,0.8571428571428571,0.6363636363636364,0.45454545454545453,8.0,1.0,1.5,0.75,5.0,0.36363636363636365,7.090909090909091,0.7857142857142857,1.0833333333333333,0.5882352941176471,0.17647058823529413,0.47058823529411764,0.8823529411764706
355,buf,2021,0.47058823529411764,0.5882352941176471,0.0625,0.4375,2.411764705882353,0.5882352941176471,0.8235294117647058,0.5882352941176471,4.352941176470588,0.5625,5.8125,0.5882352941176471,0.5454545454545454,0.9375,0.375,0.4666666666666667,0.06666666666666667
356,car,2021,0.8125,1.125,0.2222222222222222,0.1111111111111111,2.235294117647059,0.058823529411764705,0.35294117647058826,0.3125,6.6875,0.125,2.875,0.8333333333333334,0.42857142857142855,0.17647058823529413,0.17647058823529413,0.75,1.125
357,chi,2021,0.3333333333333333,0.6,0.5555555555555556,1.0,12.0,0.5,0.0,0.14285714285714285,5.428571428571429,0.25,3.9166666666666665,0.6,0.3333333333333333,0.7058823529411765,0.23529411764705882,0.3125,0.1875
358,cin,2021,0.75,1.0625,0.8571428571428571,1.9285714285714286,3.0625,0.75,1.0,0.5,6.0625,0.26666666666666666,5.866666666666666,0.6666666666666666,1.0,0.3333333333333333,0.13333333333333333,0.38461538461538464,0.07692307692307693
359,cle,2021,1.0,1.9411764705882353,0.7857142857142857,1.3571428571428572,1.5625,0.125,0.4375,0.3333333333333333,4.066666666666666,0.2727272727272727,5.2727272727272725,0.6666666666666666,0.8181818181818182,0.16666666666666666,0.08333333333333333,0.3,0.4
360,dal,2021,0.36363636363636365,1.5454545454545454,0.7142857142857143,1.0,2.2857142857142856,0.35714285714285715,0.14285714285714285,0.6666666666666666,6.733333333333333,0.26666666666666666,3.466666666666667,1.0625,1.3125,1.25,1.875,0.25,0.0625
361,den,2021,0.4375,0.6875,1.2857142857142858,1.5714285714285714,inf,,inf,0.7058823529411765,4.705882352941177,0.13333333333333333,5.866666666666666,0.9333333333333333,0.5454545454545454,0.23076923076923078,0.6153846153846154,0.2222222222222222,0.1111111111111111
362,det,2021,0.23529411764705882,0.11764705882352941,0.25,0.0625,inf,inf,inf,0.23529411764705882,5.470588235294118,0.4,7.2,0.7857142857142857,0.7777777777777778,0.07142857142857142,0.14285714285714285,0.7142857142857143,1.1428571428571428
363,gnb,2021,0.29411764705882354,0.5294117647058824,0.125,0.5,10.333333333333334,1.0,0.0,0.47058823529411764,5.470588235294118,0.5294117647058824,3.7058823529411766,1.0,1.4444444444444444,0.375,0.375,0.5,1.75
364,htx,2021,0.35714285714285715,0.42857142857142855,0.75,1.0,2.066666666666667,0.3333333333333333,0.13333333333333333,0.3076923076923077,5.076923076923077,0.36363636363636365,6.909090909090909,0.7692307692307693,0.5,0.9285714285714286,0.35714285714285715,0.5,0.16666666666666666
365,clt,2021,0.4117647058823529,0.7647058823529411,1.5,3.0,2.7058823529411766,0.11764705882352941,0.29411764705882354,0.4,6.3,0.2,4.0,0.8125,0.5384615384615384,0.17647058823529413,0.11764705882352941,0.25,0.1875
366,jax,2021,0.3076923076923077,0.6923076923076923,0.7,1.6,inf,inf,inf,0.06666666666666667,5.866666666666666,,13.5,0.7142857142857143,0.5,0.29411764705882354,0.29411764705882354,0.2,0.13333333333333333
367,kan,2021,0.5714285714285714,1.2142857142857142,0.2857142857142857,1.2142857142857142,2.5294117647058822,0.11764705882352941,0.7058823529411765,0.375,4.75,0.25,5.333333333333333,0.5333333333333333,0.8333333333333334,0.26666666666666666,0.13333333333333333,0.9166666666666666,0.25
368,rai,2021,0.7647058823529411,1.7647058823529411,0.47058823529411764,1.3529411764705883,2.764705882352941,0.29411764705882354,0.9411764705882353,0.35294117647058826,3.235294117647059,0.2857142857142857,8.285714285714286,0.5294117647058824,1.4444444444444444,0.3333333333333333,0.2,0.15384615384615385,0.15384615384615385
369,sdg,2021,0.4,0.9333333333333333,0.45454545454545453,0.45454545454545453,17.333333333333332,1.0,0.3333333333333333,0.3333333333333333,7.866666666666666,0.3333333333333333,6.6,0.8571428571428571,0.9166666666666666,0.4117647058823529,0.23529411764705882,0.3125,1.25
370,ram,2021,0.14285714285714285,0.14285714285714285,1.5,1.0,4.9411764705882355,1.1176470588235294,1.4705882352941178,0.35294117647058826,5.529411764705882,0.25,7.0625,1.0,0.6923076923076923,0.4117647058823529,1.0588235294117647,0.6,0.4
371,mia,2021,0.5882352941176471,0.7647058823529411,0.8181818181818182,2.1818181818181817,2.0,0.07142857142857142,0.07142857142857142,0.07692307692307693,6.076923076923077,0.7692307692307693,5.3076923076923075,0.625,1.0,0.5625,0.9375,0.4,0.13333333333333333
372,min,2021,0.5,1.0714285714285714,0.8571428571428571,1.4285714285714286,2.4375,0.125,0.4375,0.5882352941176471,6.352941176470588,0.4666666666666667,7.6,0.38461538461538464,0.38461538461538464,0.5333333333333333,0.3333333333333333,0.3333333333333333,0.25
373,nwe,2021,0.11764705882352941,0.29411764705882354,0.4444444444444444,1.0,4.75,0.25,0.25,0.5882352941176471,3.5294117647058822,0.6923076923076923,7.076923076923077,1.3529411764705883,0.4375,0.3125,0.3125,0.875,1.5625
374,nor,2021,0.8125,1.375,1.0,1.7777777777777777,3.2,0.2,0.06666666666666667,0.3125,4.9375,0.5,4.625,0.47058823529411764,1.1875,0.8125,0.625,0.36363636363636365,0.36363636363636365
375,nyg,2021,0.35294117647058826,0.4117647058823529,0.5,1.1,3.0,0.0,0.0,0.625,5.8125,0.5333333333333333,7.8,1.0625,0.6666666666666666,0.17647058823529413,0.058823529411764705,0.42857142857142855,0.5714285714285714
376,nyj,2021,0.375,0.875,0.7142857142857143,0.7142857142857143,3.533333333333333,0.4666666666666667,0.8,0.3,6.2,0.14285714285714285,6.428571428571429,0.9411764705882353,0.6428571428571429,0.125,0.1875,0.6923076923076923,0.3076923076923077
377,phi,2021,0.4666666666666667,0.7333333333333333,0.5384615384615384,1.0,3.9375,0.5625,1.125,0.21428571428571427,5.142857142857143,0.3076923076923077,4.461538461538462,0.5625,0.4375,0.35714285714285715,0.14285714285714285,0.3333333333333333,0.16666666666666666
378,pit,2021,0.42857142857142855,0.7142857142857143,0.0,2.0,5.235294117647059,0.8823529411764706,1.0,0.35294117647058826,5.235294117647059,0.4375,7.75,0.375,0.5454545454545454,0.9375,0.9375,0.13333333333333333,0.06666666666666667
379,sfo,2021,1.2352941176470589,1.8823529411764706,0.4117647058823529,0.6470588235294118,3.7058823529411766,0.4117647058823529,0.6470588235294118,0.375,4.8125,0.07142857142857142,4.714285714285714,0.35714285714285715,1.0,0.4375,0.1875,0.6923076923076923,0.15384615384615385
380,sea,2021,0.25,0.3125,0.42857142857142855,1.5714285714285714,inf,,inf,0.4117647058823529,5.529411764705882,0.4166666666666667,7.25,0.7142857142857143,0.9090909090909091,0.5882352941176471,0.17647058823529413,0.1875,0.1875
381,tam,2021,0.4117647058823529,0.7647058823529411,0.7,1.1,inf,inf,inf,0.5714285714285714,5.214285714285714,0.46153846153846156,6.769230769230769,0.8181818181818182,1.1,0.47058823529411764,1.0588235294117647,0.6,1.4666666666666666
382,oti,2021,0.9090909090909091,1.6363636363636365,0.2,0.0,3.176470588235294,0.7058823529411765,0.9411764705882353,0.7647058823529411,5.176470588235294,0.3333333333333333,5.166666666666667,0.46153846153846156,1.0769230769230769,0.8235294117647058,1.2941176470588236,0.2727272727272727,0.0
383,was,2021,0.3,1.3,0.3333333333333333,0.4444444444444444,3.6470588235294117,0.5882352941176471,1.7647058823529411,0.5625,3.9375,0.35714285714285715,7.071428571428571,1.0,0.6666666666666666,0.125,0.125,0.375,0.25
