,Week,season,Team1,Team2,pts1,pts2
0,1,2010,min,nor,-14,-9
1,1,2010,atl,pit,-14,-8
2,1,2010,buf,mia,-13,-8
3,1,2010,chi,det,-4,-9
4,1,2010,nwe,cin,15,1
5,1,2010,tam,cle,-6,-9
6,1,2010,clt,htx,1,11
7,1,2010,oti,rai,15,-10
8,1,2010,den,jax,-6,1
9,1,2010,car,nyg,-5,8
10,1,2010,ram,crd,-10,-6
11,1,2010,gnb,phi,4,-3
12,1,2010,sfo,sea,-17,8
13,1,2010,dal,was,-16,-10
14,1,2010,rav,nyj,-13,-14
15,1,2010,kan,sdg,-2,-9
16,2,2010,gnb,buf,11,-16
17,2,2010,cin,rav,-8,-13
18,2,2010,cle,kan,-9,-7
19,2,2010,det,phi,9,12
20,2,2010,pit,oti,-4,-12
21,2,2010,crd,atl,-16,18
22,2,2010,tam,car,-3,-16
23,2,2010,dal,chi,-3,4
24,2,2010,min,mia,-13,-9
25,2,2010,rai,ram,-7,-9
26,2,2010,den,sea,8,-9
27,2,2010,was,htx,4,7
28,2,2010,sdg,jax,15,-10
29,2,2010,nyj,nwe,5,-9
30,2,2010,clt,nyg,15,-9
31,2,2010,sfo,nor,-1,2
32,3,2010,buf,nwe,7,15
33,3,2010,car,cin,-16,-3
34,3,2010,cle,rav,-6,1
35,3,2010,dal,htx,4,-10
36,3,2010,oti,nyg,6,-13
37,3,2010,nor,atl,1,4
38,3,2010,pit,tam,15,-10
39,3,2010,kan,sfo,8,-13
40,3,2010,det,min,-13,1
41,3,2010,jax,phi,-20,5
42,3,2010,was,ram,-7,7
43,3,2010,rai,crd,0,1
44,3,2010,den,clt,-10,4
45,3,2010,sea,sdg,4,-3
46,3,2010,mia,nyj,0,8
47,3,2010,gnb,chi,-6,-3
48,4,2010,ram,sea,-3,-20
49,4,2010,nyj,buf,15,-9
50,4,2010,cin,cle,-3,0
51,4,2010,oti,den,-3,3
52,4,2010,gnb,det,5,3
53,4,2010,rav,pit,-6,-9
54,4,2010,sfo,atl,-9,-7
55,4,2010,nor,car,-7,-9
56,4,2010,jax,clt,8,5
57,4,2010,rai,htx,1,8
58,4,2010,sdg,crd,18,-13
59,4,2010,was,phi,-6,-11
60,4,2010,nyg,chi,-6,-20
61,4,2010,mia,nwe,-9,18
62,5,2010,ram,det,-17,21
63,5,2010,jax,buf,13,3
64,5,2010,den,rav,-6,8
65,5,2010,was,gnb,-7,-10
66,5,2010,atl,cle,-3,-13
67,5,2010,chi,car,0,-17
68,5,2010,cin,tam,-2,1
69,5,2010,kan,clt,-14,-4
70,5,2010,htx,nyg,-13,11
71,5,2010,crd,nor,7,-3
72,5,2010,sdg,rai,4,12
73,5,2010,dal,oti,4,11
74,5,2010,phi,sfo,4,1
75,5,2010,nyj,min,6,-3
76,6,2010,ram,sdg,-3,-6
77,6,2010,rav,nwe,-3,0
78,6,2010,atl,phi,-6,8
79,6,2010,sea,chi,0,-3
80,6,2010,cle,pit,-13,5
81,6,2010,mia,gnb,0,-3
82,6,2010,nor,tam,8,-17
83,6,2010,det,nyg,-3,5
84,6,2010,htx,kan,12,8
85,6,2010,nyj,den,1,-3
86,6,2010,sfo,rai,-6,-14
87,6,2010,min,dal,1,-2
88,6,2010,was,clt,1,4
89,6,2010,jax,oti,-20,7
90,7,2010,buf,rav,11,14
91,7,2010,pit,mia,0,-1
92,7,2010,cle,nor,7,-6
93,7,2010,phi,oti,-4,14
94,7,2010,ram,tam,-6,-5
95,7,2010,car,sfo,0,-3
96,7,2010,kan,jax,19,-3
97,7,2010,chi,was,-9,-6
98,7,2010,cin,atl,9,16
99,7,2010,crd,sea,-13,-1
100,7,2010,sdg,nwe,-3,0
101,7,2010,den,rai,-9,36
102,7,2010,gnb,min,5,1
103,7,2010,nyg,dal,18,12
104,8,2010,ram,car,-3,-13
105,8,2010,det,was,14,2
106,8,2010,gnb,nyj,-14,-23
107,8,2010,jax,dal,12,-6
108,8,2010,mia,cin,-1,-9
109,8,2010,den,sfo,-7,1
110,8,2010,kan,buf,-10,-13
111,8,2010,sdg,oti,10,2
112,8,2010,crd,tam,12,15
113,8,2010,nwe,min,5,-5
114,8,2010,rai,sea,10,-20
115,8,2010,pit,nor,-13,-3
116,8,2010,htx,clt,-6,7
117,9,2010,atl,tam,4,-2
118,9,2010,buf,chi,-4,-1
119,9,2010,cle,nwe,11,-9
120,9,2010,sdg,htx,6,0
121,9,2010,mia,rav,-13,3
122,9,2010,nyj,det,0,-3
123,9,2010,car,nor,-20,11
124,9,2010,crd,min,1,4
125,9,2010,sea,nyg,-16,18
126,9,2010,kan,rai,-3,0
127,9,2010,clt,phi,1,3
128,9,2010,gnb,dal,22,-16
129,9,2010,pit,cin,4,-2
130,10,2010,atl,rav,3,-2
131,10,2010,buf,det,-9,-11
132,10,2010,tam,car,8,-7
133,10,2010,chi,min,4,-10
134,10,2010,cin,clt,-6,0
135,10,2010,nyj,cle,3,-3
136,10,2010,oti,mia,-6,6
137,10,2010,jax,htx,8,1
138,10,2010,kan,den,6,26
139,10,2010,sea,crd,13,-5
140,10,2010,dal,nyg,10,-3
141,10,2010,ram,sfo,-3,0
142,10,2010,pit,nwe,3,16
143,10,2010,was,phi,5,36
144,11,2010,mia,chi,-23,-7
145,11,2010,cin,buf,8,26
146,11,2010,dal,det,12,-4
147,11,2010,pit,rai,12,-20
148,11,2010,jax,cle,1,-3
149,11,2010,crd,kan,-10,8
150,11,2010,htx,nyj,4,7
151,11,2010,oti,was,-7,-4
152,11,2010,rav,car,14,-10
153,11,2010,gnb,min,8,-20
154,11,2010,ram,atl,-6,11
155,11,2010,nor,sea,11,-4
156,11,2010,sfo,tam,-23,-2
157,11,2010,nwe,clt,8,5
158,11,2010,nyg,phi,-6,4
159,11,2010,sdg,den,12,-9
160,12,2010,nwe,det,22,1
161,12,2010,dal,nor,4,7
162,12,2010,cin,nyj,-13,3
163,12,2010,atl,gnb,-3,-6
164,12,2010,pit,buf,-4,-7
165,12,2010,oti,htx,-23,-3
166,12,2010,nyg,jax,1,-3
167,12,2010,was,min,-10,-6
168,12,2010,car,cle,0,1
169,12,2010,mia,rai,10,-6
170,12,2010,kan,sea,19,1
171,12,2010,chi,phi,8,3
172,12,2010,rav,tam,-6,-13
173,12,2010,ram,den,13,10
174,12,2010,sdg,clt,13,-9
175,12,2010,crd,sfo,-17,4
176,13,2010,phi,htx,11,1
177,13,2010,mia,cle,-13,-10
178,13,2010,gnb,sfo,11,-7
179,13,2010,was,nyg,-16,8
180,13,2010,det,chi,-3,1
181,13,2010,nor,cin,11,7
182,13,2010,kan,den,-13,-17
183,13,2010,oti,jax,-17,-6
184,13,2010,buf,min,-9,15
185,13,2010,sdg,rai,-10,5
186,13,2010,dal,clt,15,12
187,13,2010,crd,ram,-17,-4
188,13,2010,tam,atl,1,5
189,13,2010,sea,car,8,-9
190,13,2010,pit,rav,-10,-13
191,13,2010,nyj,nwe,-20,22
192,14,2010,clt,oti,7,5
193,14,2010,buf,cle,-10,-17
194,14,2010,cin,pit,-16,0
195,14,2010,rai,jax,8,15
196,14,2010,atl,car,8,-13
197,14,2010,gnb,det,-20,-16
198,14,2010,tam,was,-6,-7
199,14,2010,nor,ram,8,-10
200,14,2010,sea,sfo,-2,17
201,14,2010,crd,den,20,-10
202,14,2010,sdg,kan,8,-23
203,14,2010,nyj,mia,-17,-13
204,14,2010,nwe,chi,13,-16
205,14,2010,dal,phi,4,7
206,14,2010,min,nyg,-20,-2
207,14,2010,htx,rav,5,11
208,15,2010,sdg,sfo,11,-16
209,15,2010,kan,ram,4,-10
210,15,2010,mia,buf,-9,-6
211,15,2010,cle,cin,-6,-4
212,15,2010,clt,jax,11,1
213,15,2010,htx,oti,-6,8
214,15,2010,was,dal,7,10
215,15,2010,tam,det,-3,0
216,15,2010,rav,nor,7,1
217,15,2010,nyg,phi,8,15
218,15,2010,car,crd,-4,-11
219,15,2010,sea,atl,-5,11
220,15,2010,den,rai,0,16
221,15,2010,nyj,pit,-1,-6
222,15,2010,gnb,nwe,4,8
223,15,2010,chi,min,17,-9
224,16,2010,pit,car,4,-20
225,16,2010,crd,dal,4,3
226,16,2010,ram,sfo,2,-6
227,16,2010,nwe,buf,11,-20
228,16,2010,nyj,chi,11,15
229,16,2010,rav,cle,-3,-13
230,16,2010,mia,det,4,11
231,16,2010,jax,was,-6,-3
232,16,2010,kan,oti,11,-9
233,16,2010,cin,sdg,11,-3
234,16,2010,rai,clt,3,8
235,16,2010,den,htx,1,0
236,16,2010,gnb,nyg,22,-6
237,16,2010,sea,tam,-8,15
238,16,2010,atl,nor,-9,-6
239,16,2010,phi,min,-9,1
240,17,2010,tam,nor,0,-10
241,17,2010,rav,cin,-10,-16
242,17,2010,pit,cle,18,-14
243,17,2010,rai,kan,8,-13
244,17,2010,mia,nwe,-16,15
245,17,2010,atl,car,8,-13
246,17,2010,nyj,buf,15,-16
247,17,2010,min,det,-10,-3
248,17,2010,gnb,chi,-13,-20
249,17,2010,crd,sfo,-16,15
250,17,2010,dal,phi,-9,-10
251,17,2010,den,sdg,5,10
252,17,2010,htx,jax,11,-6
253,17,2010,oti,clt,-3,0
254,17,2010,was,nyg,-9,-6
255,17,2010,ram,sea,-17,-7
256,WildCard,2010,sea,nor,18,13
257,WildCard,2010,nyj,clt,-6,-7
258,WildCard,2010,rav,kan,7,-16
259,WildCard,2010,gnb,phi,-2,-7
260,Division,2010,rav,pit,1,8
261,Division,2010,atl,gnb,-2,25
262,Division,2010,sea,chi,1,12
263,Division,2010,nwe,nyj,-2,5
264,ConfChamp,2010,chi,gnb,-9,-2
265,ConfChamp,2010,pit,nyj,1,-4
266,SuperBowl,2010,pit,gnb,2,8
267,1,2011,nor,gnb,11,19
268,1,2011,phi,ram,8,-10
269,1,2011,clt,htx,-16,11
270,1,2011,jax,oti,-7,-9
271,1,2011,rav,pit,12,-16
272,1,2011,chi,atl,7,-11
273,1,2011,buf,kan,18,-16
274,1,2011,cle,cin,-6,4
275,1,2011,tam,det,-3,4
276,1,2011,crd,car,5,-2
277,1,2011,min,sdg,-6,1
278,1,2011,sfo,sea,10,-6
279,1,2011,nyg,was,-9,5
280,1,2011,nyj,dal,4,1
281,1,2011,mia,nwe,1,15
282,1,2011,rai,den,0,-3
283,2,2011,gnb,car,7,0
284,2,2011,nor,chi,7,-10
285,2,2011,clt,cle,-4,4
286,2,2011,det,kan,25,-20
287,2,2011,nyj,jax,9,-20
288,2,2011,rav,oti,-10,3
289,2,2011,sea,pit,-23,1
290,2,2011,buf,rai,15,12
291,2,2011,was,crd,-1,-2
292,2,2011,min,tam,-3,1
293,2,2011,dal,sfo,4,1
294,2,2011,cin,den,-1,1
295,2,2011,htx,mia,0,-10
296,2,2011,nwe,sdg,12,-2
297,2,2011,phi,atl,8,12
298,2,2011,ram,nyg,-7,5
299,3,2011,car,jax,-7,-13
300,3,2011,sfo,cin,-10,-15
301,3,2011,mia,cle,-7,-6
302,3,2011,oti,den,-6,-9
303,3,2011,nor,htx,17,10
304,3,2011,buf,nwe,11,8
305,3,2011,nyg,phi,6,-7
306,3,2011,det,min,3,0
307,3,2011,rai,nyj,11,1
308,3,2011,sdg,kan,-3,-6
309,3,2011,rav,ram,14,-16
310,3,2011,gnb,chi,4,-6
311,3,2011,sea,crd,-10,-13
312,3,2011,tam,atl,-7,-10
313,3,2011,pit,clt,0,-3
314,3,2011,was,dal,-7,-5
315,4,2011,ram,was,-13,-6
316,4,2011,det,dal,11,7
317,4,2011,min,kan,-6,-1
318,4,2011,buf,cin,-3,0
319,4,2011,cle,oti,-10,8
320,4,2011,htx,pit,-6,-13
321,4,2011,nor,jax,0,-13
322,4,2011,sfo,phi,1,0
323,4,2011,chi,car,11,6
324,4,2011,sea,atl,5,7
325,4,2011,nyg,crd,8,4
326,4,2011,gnb,den,26,0
327,4,2011,sdg,mia,3,-7
328,4,2011,rai,nwe,-4,8
329,4,2011,rav,nyj,11,-6
330,4,2011,tam,clt,1,-6
331,5,2011,cin,jax,7,-3
332,5,2011,kan,clt,5,1
333,5,2011,rai,htx,2,-3
334,5,2011,pit,oti,15,-6
335,5,2011,phi,buf,1,8
336,5,2011,car,nor,4,7
337,5,2011,nyg,sea,2,13
338,5,2011,crd,min,-13,11
339,5,2011,sfo,tam,25,-20
340,5,2011,nwe,nyj,7,-2
341,5,2011,den,sdg,1,6
342,5,2011,gnb,atl,2,-9
343,5,2011,det,chi,1,-10
344,6,2011,atl,car,8,-6
345,6,2011,buf,nyg,1,4
346,6,2011,cin,clt,4,-6
347,6,2011,ram,gnb,-20,1
348,6,2011,pit,jax,-6,-10
349,6,2011,sfo,det,2,-4
350,6,2011,was,phi,-10,-3
351,6,2011,rai,cle,1,-6
352,6,2011,rav,htx,6,-9
353,6,2011,dal,nwe,-7,-3
354,6,2011,nor,tam,-3,3
355,6,2011,min,chi,-13,16
356,6,2011,mia,nyj,-17,1
357,7,2011,den,mia,-5,-8
358,7,2011,oti,htx,-16,18
359,7,2011,sdg,nyj,-2,4
360,7,2011,sea,cle,-20,-17
361,7,2011,det,atl,-7,0
362,7,2011,car,was,10,-3
363,7,2011,tam,chi,-5,1
364,7,2011,crd,pit,-3,9
365,7,2011,ram,dal,-16,11
366,7,2011,min,gnb,4,10
367,7,2011,kan,rai,5,-23
368,7,2011,clt,nor,-16,39
369,7,2011,jax,rav,-11,-16
370,8,2011,nor,ram,-2,8
371,8,2011,crd,rav,4,7
372,8,2011,nyg,mia,-3,-6
373,8,2011,oti,clt,4,-13
374,8,2011,jax,htx,-9,1
375,8,2011,min,car,1,-2
376,8,2011,buf,was,0,-23
377,8,2011,det,den,22,-13
378,8,2011,cle,sfo,-13,-3
379,8,2011,nwe,pit,-6,2
380,8,2011,cin,sea,11,-11
381,8,2011,dal,phi,-16,11
382,8,2011,sdg,kan,-3,0
383,9,2011,atl,clt,8,-16
384,9,2011,dal,sea,0,-10
385,9,2011,nyj,buf,4,-12
386,9,2011,cle,htx,-11,7
387,9,2011,kan,mia,-20,8
388,9,2011,was,sfo,-12,-4
389,9,2011,nor,tam,4,-7
390,9,2011,oti,cin,-6,1
391,9,2011,den,rai,15,1
392,9,2011,crd,ram,-4,-10
393,9,2011,gnb,sdg,22,15
394,9,2011,nwe,nyg,-3,1
395,9,2011,pit,rav,-3,0
396,9,2011,chi,phi,7,1
397,10,2011,rai,sdg,1,-6
398,10,2011,dal,buf,21,-16
399,10,2011,pit,cin,1,-6
400,10,2011,phi,crd,-6,-2
401,10,2011,jax,clt,-6,-20
402,10,2011,tam,htx,-14,14
403,10,2011,atl,nor,0,3
404,10,2011,ram,cle,-10,-11
405,10,2011,den,kan,-6,-13
406,10,2011,was,mia,-14,-3
407,10,2011,car,oti,-20,7
408,10,2011,sea,rav,-1,-6
409,10,2011,nyg,sfo,-3,4
410,10,2011,det,chi,-10,14
411,10,2011,nwe,nyj,14,-7
412,10,2011,gnb,min,22,-16
413,11,2011,den,nyj,-6,-10
414,11,2011,mia,buf,12,-15
415,11,2011,car,det,12,26
416,11,2011,cin,rav,1,8
417,11,2011,cle,jax,-9,-13
418,11,2011,tam,gnb,3,12
419,11,2011,was,dal,1,4
420,11,2011,min,rai,-2,4
421,11,2011,crd,sfo,-16,0
422,11,2011,sea,ram,1,-16
423,11,2011,oti,atl,-6,0
424,11,2011,chi,sdg,8,-3
425,11,2011,phi,nyg,-6,-13
426,11,2011,nwe,kan,11,-20
427,12,2011,det,gnb,-8,4
428,12,2011,dal,mia,-3,-4
429,12,2011,rav,sfo,-7,-17
430,12,2011,crd,ram,0,-3
431,12,2011,atl,min,1,-9
432,12,2011,buf,nyj,1,5
433,12,2011,cle,cin,-3,0
434,12,2011,oti,tam,0,-6
435,12,2011,car,clt,4,-4
436,12,2011,htx,jax,-3,-10
437,12,2011,chi,rai,-3,2
438,12,2011,was,sea,0,-6
439,12,2011,den,sdg,-7,-10
440,12,2011,nwe,phi,15,-3
441,12,2011,pit,kan,-10,-14
442,12,2011,nyg,nor,1,26
443,13,2011,phi,sea,-9,8
444,13,2011,buf,oti,-6,0
445,13,2011,tam,car,-4,15
446,13,2011,cin,pit,-16,12
447,13,2011,clt,nwe,1,8
448,13,2011,atl,htx,-13,-6
449,13,2011,kan,chi,-13,-20
450,13,2011,mia,rai,11,-9
451,13,2011,nyj,was,11,-4
452,13,2011,den,min,12,9
453,13,2011,cle,rav,-13,1
454,13,2011,dal,crd,-10,-4
455,13,2011,nyg,gnb,12,15
456,13,2011,ram,sfo,-23,3
457,13,2011,det,nor,-6,8
458,13,2011,sdg,jax,15,-9
459,14,2011,cle,pit,-20,-9
460,14,2011,cin,htx,-4,-3
461,14,2011,clt,rav,-13,1
462,14,2011,kan,nyj,-13,14
463,14,2011,min,det,5,11
464,14,2011,tam,jax,-9,18
465,14,2011,mia,phi,-13,3
466,14,2011,oti,nor,-6,-1
467,14,2011,nwe,was,11,4
468,14,2011,car,atl,0,8
469,14,2011,den,chi,-10,-13
470,14,2011,crd,sfo,-2,-4
471,14,2011,buf,sdg,-13,14
472,14,2011,rai,gnb,-7,23
473,14,2011,nyg,dal,14,11
474,14,2011,ram,sea,-10,7
475,15,2011,jax,atl,-9,18
476,15,2011,dal,tam,8,-8
477,15,2011,ram,cin,-10,-3
478,15,2011,mia,buf,7,0
479,15,2011,was,nyg,0,-13
480,15,2011,car,htx,5,-10
481,15,2011,sea,chi,15,-9
482,15,2011,oti,clt,-10,4
483,15,2011,gnb,kan,-9,-4
484,15,2011,nor,min,19,-3
485,15,2011,rai,det,4,5
486,15,2011,crd,cle,-3,-6
487,15,2011,den,nwe,0,18
488,15,2011,phi,nyj,22,-4
489,15,2011,sdg,rav,11,-9
490,15,2011,sfo,pit,-3,-20
491,16,2011,htx,clt,-7,-4
492,16,2011,buf,den,17,-9
493,16,2011,cin,crd,0,-7
494,16,2011,jax,oti,-6,0
495,16,2011,nwe,mia,4,1
496,16,2011,pit,ram,4,-23
497,16,2011,cle,rav,-9,-3
498,16,2011,kan,rai,-10,-7
499,16,2011,nyg,nyj,6,-9
500,16,2011,car,tam,25,-7
501,16,2011,was,min,3,10
502,16,2011,sdg,det,-13,15
503,16,2011,dal,phi,-16,-3
504,16,2011,sfo,sea,-4,-6
505,16,2011,chi,gnb,-2,12
506,16,2011,nor,atl,22,-7
507,17,2011,sfo,ram,11,4
508,17,2011,nwe,buf,26,-2
509,17,2011,det,gnb,18,22
510,17,2011,htx,oti,-1,0
511,17,2011,nyj,mia,-6,-4
512,17,2011,phi,was,11,-13
513,17,2011,car,nor,-6,22
514,17,2011,clt,jax,-10,-4
515,17,2011,chi,min,-6,-10
516,17,2011,sea,crd,-3,0
517,17,2011,rai,sdg,3,15
518,17,2011,rav,cin,1,-7
519,17,2011,pit,cle,-10,-14
520,17,2011,den,kan,-20,-16
521,17,2011,atl,tam,22,1
522,17,2011,dal,nyg,-9,8
523,WildCard,2011,htx,cin,8,-13
524,WildCard,2011,det,nor,5,22
525,WildCard,2011,nyg,atl,1,-21
526,WildCard,2011,den,pit,6,0
527,Division,2011,sfo,nor,13,9
528,Division,2011,nwe,den,22,-13
529,Division,2011,rav,htx,-3,-10
530,Division,2011,gnb,nyg,-3,14
531,ConfChamp,2011,rav,nwe,-3,0
532,ConfChamp,2011,sfo,nyg,-6,-3
533,SuperBowl,2011,nyg,nwe,-2,-6
534,1,2012,dal,nyg,1,-6
535,1,2012,clt,chi,-2,18
536,1,2012,atl,kan,17,1
537,1,2012,nyj,buf,25,5
538,1,2012,cle,phi,-7,-6
539,1,2012,ram,det,0,4
540,1,2012,mia,htx,-13,7
541,1,2012,nor,was,9,17
542,1,2012,oti,nwe,-10,11
543,1,2012,min,jax,3,0
544,1,2012,crd,sea,-3,-7
545,1,2012,sfo,gnb,7,-1
546,1,2012,tam,car,-7,-13
547,1,2012,den,pit,8,-4
548,1,2012,cin,rav,-10,21
549,1,2012,sdg,rai,-1,-9
550,2,2012,chi,gnb,-13,0
551,2,2012,kan,buf,-6,12
552,2,2012,cin,cle,11,4
553,2,2012,nwe,crd,-5,-3
554,2,2012,rai,mia,-10,12
555,2,2012,nor,car,4,12
556,2,2012,clt,min,0,-3
557,2,2012,htx,jax,4,-16
558,2,2012,tam,nyg,11,18
559,2,2012,phi,rav,1,0
560,2,2012,ram,was,8,5
561,2,2012,dal,sea,-16,4
562,2,2012,pit,nyj,4,-13
563,2,2012,sdg,oti,15,-13
564,2,2012,det,sfo,-4,4
565,2,2012,den,atl,-2,4
566,3,2012,car,nyg,-16,13
567,3,2012,cle,buf,-9,1
568,3,2012,kan,nor,4,1
569,3,2012,was,cin,8,15
570,3,2012,jax,clt,-1,-6
571,3,2012,oti,det,21,18
572,3,2012,mia,nyj,-3,0
573,3,2012,chi,ram,0,-17
574,3,2012,tam,dal,-13,-7
575,3,2012,min,sfo,1,-10
576,3,2012,atl,sdg,4,-20
577,3,2012,crd,phi,4,-17
578,3,2012,htx,den,8,2
579,3,2012,rai,pit,11,8
580,3,2012,rav,nwe,8,7
581,3,2012,sea,gnb,-9,-11
582,4,2012,rav,cle,0,-7
583,4,2012,ram,sea,-4,-10
584,4,2012,buf,nwe,5,29
585,4,2012,car,atl,5,7
586,4,2012,min,det,-3,-10
587,4,2012,htx,oti,15,-9
588,4,2012,kan,sdg,-3,14
589,4,2012,sfo,nyj,11,-23
590,4,2012,jax,cin,-13,4
591,4,2012,crd,mia,1,-2
592,4,2012,den,rai,14,-17
593,4,2012,gnb,nor,5,4
594,4,2012,tam,was,-1,1
595,4,2012,nyg,phi,-6,-4
596,4,2012,chi,dal,11,-5
597,5,2012,crd,ram,-20,-6
598,5,2012,nyg,cle,18,4
599,5,2012,rav,kan,-14,-17
600,5,2012,pit,phi,-7,-9
601,5,2012,clt,gnb,7,4
602,5,2012,cin,mia,-10,-6
603,5,2012,was,atl,-6,1
604,5,2012,car,sea,-11,-7
605,5,2012,chi,jax,18,-20
606,5,2012,oti,min,-16,7
607,5,2012,sfo,buf,22,-20
608,5,2012,nwe,den,8,-2
609,5,2012,sdg,nor,1,8
610,5,2012,nyj,htx,-6,0
611,6,2012,oti,pit,3,0
612,6,2012,tam,kan,15,-13
613,6,2012,mia,ram,-6,-9
614,6,2012,atl,rai,0,-3
615,6,2012,clt,nyj,-14,12
616,6,2012,dal,rav,6,8
617,6,2012,cle,cin,11,1
618,6,2012,phi,det,0,3
619,6,2012,nwe,sea,0,1
620,6,2012,crd,buf,-7,-4
621,6,2012,nyg,sfo,3,-20
622,6,2012,min,was,3,15
623,6,2012,htx,gnb,1,19
624,6,2012,den,sdg,12,1
625,7,2012,sea,sfo,-17,-10
626,7,2012,gnb,ram,7,-3
627,7,2012,tam,nor,5,12
628,7,2012,buf,oti,11,12
629,7,2012,clt,cle,-6,-10
630,7,2012,htx,rav,20,-10
631,7,2012,dal,car,-4,-9
632,7,2012,was,nyg,0,4
633,7,2012,min,crd,-2,-9
634,7,2012,rai,jax,3,0
635,7,2012,nyj,nwe,3,6
636,7,2012,pit,cin,1,-6
637,7,2012,det,chi,-16,-10
638,8,2012,tam,min,13,-6
639,8,2012,was,pit,-11,4
640,8,2012,atl,phi,7,-6
641,8,2012,chi,car,0,-1
642,8,2012,sea,det,1,5
643,8,2012,gnb,jax,1,-8
644,8,2012,oti,clt,-10,-4
645,8,2012,mia,nyj,7,-14
646,8,2012,sdg,cle,-17,-16
647,8,2012,nwe,ram,22,-16
648,8,2012,rai,kan,3,-7
649,8,2012,nyg,dal,6,1
650,8,2012,nor,den,-9,11
651,8,2012,sfo,crd,1,-20
652,9,2012,sdg,kan,8,-10
653,9,2012,htx,buf,-2,-14
654,9,2012,cin,den,0,8
655,9,2012,mia,clt,-3,0
656,9,2012,crd,gnb,-6,8
657,9,2012,rav,cle,2,-8
658,9,2012,oti,chi,-3,28
659,9,2012,jax,det,-9,8
660,9,2012,car,was,-2,-10
661,9,2012,tam,rai,19,9
662,9,2012,sea,min,7,-3
663,9,2012,pit,nyg,1,-3
664,9,2012,dal,atl,-10,-4
665,9,2012,phi,nor,-10,5
666,10,2012,clt,jax,4,-13
667,10,2012,atl,nor,4,8
668,10,2012,buf,nwe,8,14
669,10,2012,den,car,13,-9
670,10,2012,rai,rav,-3,32
671,10,2012,cin,nyg,8,-10
672,10,2012,oti,mia,14,-20
673,10,2012,tam,sdg,11,1
674,10,2012,min,det,11,1
675,10,2012,nyj,sea,-16,5
676,10,2012,phi,dal,0,15
677,10,2012,sfo,ram,1,1
678,10,2012,chi,htx,-17,-10
679,10,2012,kan,pit,-10,-7
680,11,2012,buf,mia,-4,-9
681,11,2012,ram,nyj,-10,4
682,11,2012,gnb,det,1,-3
683,11,2012,crd,atl,-4,0
684,11,2012,kan,cin,-17,5
685,11,2012,htx,jax,20,14
686,11,2012,phi,was,-17,8
687,11,2012,car,tam,-2,4
688,11,2012,cle,dal,-3,0
689,11,2012,rai,nor,-6,15
690,11,2012,clt,nwe,1,36
691,11,2012,den,sdg,7,0
692,11,2012,rav,pit,-10,-13
693,11,2012,chi,sfo,-16,9
694,12,2012,htx,det,11,8
695,12,2012,dal,was,8,15
696,12,2012,nwe,nyj,26,-4
697,12,2012,min,chi,-13,5
698,12,2012,atl,tam,1,0
699,12,2012,rai,cin,-13,11
700,12,2012,pit,cle,-9,-3
701,12,2012,clt,buf,-3,-10
702,12,2012,den,kan,-6,-14
703,12,2012,jax,oti,1,-4
704,12,2012,mia,sea,1,-2
705,12,2012,rav,sdg,-7,-10
706,12,2012,ram,crd,8,-6
707,12,2012,nor,sfo,-2,8
708,12,2012,gnb,nyg,-13,15
709,12,2012,car,phi,7,-1
710,13,2012,nor,atl,-10,0
711,13,2012,sfo,ram,-10,-7
712,13,2012,jax,buf,-5,11
713,13,2012,gnb,min,0,-9
714,13,2012,htx,oti,1,-13
715,13,2012,nwe,mia,0,-7
716,13,2012,car,kan,-2,4
717,13,2012,sea,chi,0,-6
718,13,2012,det,clt,10,12
719,13,2012,crd,nyj,-17,-16
720,13,2012,den,tam,8,0
721,13,2012,sdg,cin,-10,-3
722,13,2012,cle,rai,-3,-6
723,13,2012,pit,rav,0,-3
724,13,2012,dal,phi,15,10
725,13,2012,nyg,was,-7,-6
726,14,2012,rai,den,-10,3
727,14,2012,buf,ram,-11,-8
728,14,2012,cle,kan,7,-16
729,14,2012,clt,oti,4,0
730,14,2012,jax,nyj,-13,-6
731,14,2012,sdg,pit,11,1
732,14,2012,dal,cin,-3,-4
733,14,2012,phi,tam,0,-2
734,14,2012,rav,was,5,8
735,14,2012,car,atl,7,-3
736,14,2012,chi,min,-9,-2
737,14,2012,sfo,mia,4,-10
738,14,2012,sea,crd,35,-23
739,14,2012,nyg,nor,29,4
740,14,2012,gnb,det,4,-3
741,14,2012,htx,nwe,-9,19
742,15,2012,phi,cin,-10,11
743,15,2012,ram,min,-1,13
744,15,2012,htx,clt,6,-6
745,15,2012,den,rav,11,-6
746,15,2012,atl,nyg,11,-23
747,15,2012,chi,gnb,-10,-2
748,15,2012,cle,was,-2,15
749,15,2012,jax,mia,-20,1
750,15,2012,tam,nor,-23,18
751,15,2012,sea,buf,27,-6
752,15,2012,sdg,car,-16,8
753,15,2012,crd,det,15,-13
754,15,2012,dal,pit,4,1
755,15,2012,rai,kan,-8,-23
756,15,2012,sfo,nwe,18,11
757,15,2012,oti,nyj,-9,-13
758,16,2012,det,atl,-5,8
759,16,2012,mia,buf,1,-13
760,16,2012,cin,pit,-10,-13
761,16,2012,dal,nor,8,11
762,16,2012,oti,gnb,-16,32
763,16,2012,nwe,jax,0,-7
764,16,2012,kan,clt,-10,-3
765,16,2012,min,htx,0,-17
766,16,2012,sdg,nyj,4,-6
767,16,2012,was,phi,4,-3
768,16,2012,ram,tam,5,-10
769,16,2012,car,rai,-6,-17
770,16,2012,den,cle,11,-11
771,16,2012,chi,crd,5,-10
772,16,2012,rav,nyg,10,-9
773,16,2012,sea,sfo,19,-10
774,17,2012,tam,atl,-1,-6
775,17,2012,buf,nyj,5,-14
776,17,2012,pit,cle,1,-13
777,17,2012,clt,htx,5,-7
778,17,2012,oti,jax,15,-3
779,17,2012,car,nor,21,15
780,17,2012,det,chi,1,3
781,17,2012,cin,rav,0,-6
782,17,2012,nyg,phi,19,-16
783,17,2012,sdg,rai,1,-2
784,17,2012,crd,sfo,-10,4
785,17,2012,den,kan,15,-20
786,17,2012,min,gnb,14,11
787,17,2012,mia,nwe,-23,5
788,17,2012,sea,ram,-3,-10
789,17,2012,dal,was,-5,5
790,WildCard,2012,htx,cin,-4,-10
791,WildCard,2012,gnb,min,1,-13
792,WildCard,2012,clt,rav,-14,1
793,WildCard,2012,was,sea,-9,1
794,Division,2012,den,rav,12,15
795,Division,2012,sfo,gnb,22,8
796,Division,2012,atl,sea,7,5
797,Division,2012,nwe,htx,18,5
798,ConfChamp,2012,atl,sfo,1,5
799,ConfChamp,2012,nwe,rav,-10,5
800,SuperBowl,2012,sfo,rav,8,11
801,1,2013,rav,den,4,26
802,1,2013,nwe,buf,0,-2
803,1,2013,cin,chi,-2,1
804,1,2013,mia,cle,0,-13
805,1,2013,rai,clt,-6,-2
806,1,2013,det,min,11,1
807,1,2013,pit,oti,-14,-7
808,1,2013,nor,atl,0,-6
809,1,2013,jax,kan,-21,5
810,1,2013,tam,nyj,-6,-5
811,1,2013,car,sea,-16,-11
812,1,2013,crd,ram,1,4
813,1,2013,sfo,gnb,11,5
814,1,2013,nyg,dal,8,13
815,1,2013,phi,was,10,4
816,1,2013,sdg,htx,5,8
817,2,2013,nyj,nwe,-13,-10
818,2,2013,car,buf,0,1
819,2,2013,rav,cle,-9,-17
820,2,2013,mia,clt,1,-3
821,2,2013,dal,kan,-7,-6
822,2,2013,was,gnb,-3,15
823,2,2013,sdg,phi,10,7
824,2,2013,atl,ram,8,1
825,2,2013,chi,min,8,7
826,2,2013,oti,htx,1,7
827,2,2013,crd,det,2,-2
828,2,2013,nor,tam,-7,-9
829,2,2013,nyg,den,0,18
830,2,2013,rai,jax,-4,-14
831,2,2013,sea,sfo,6,-20
832,2,2013,pit,cin,-13,-3
833,3,2013,kan,phi,3,-7
834,3,2013,dal,ram,8,-16
835,3,2013,nwe,tam,0,-20
836,3,2013,car,nyg,15,-23
837,3,2013,cin,gnb,11,7
838,3,2013,crd,nor,-16,8
839,3,2013,was,det,-3,4
840,3,2013,rav,htx,7,-14
841,3,2013,oti,sdg,-3,-6
842,3,2013,cle,min,8,4
843,3,2013,atl,mia,0,4
844,3,2013,nyj,buf,4,-3
845,3,2013,sfo,clt,-16,4
846,3,2013,jax,sea,-6,22
847,3,2013,pit,chi,0,17
848,3,2013,den,rai,14,-2
849,4,2013,ram,sfo,-12,12
850,4,2013,rav,buf,-3,0
851,4,2013,nyg,kan,-16,8
852,4,2013,det,chi,17,9
853,4,2013,tam,crd,-13,-10
854,4,2013,sea,htx,0,-3
855,4,2013,cle,cin,-6,-17
856,4,2013,jax,clt,-20,14
857,4,2013,min,pit,11,4
858,4,2013,oti,nyj,15,-10
859,4,2013,sdg,dal,7,-2
860,4,2013,phi,den,-3,29
861,4,2013,rai,was,-9,1
862,4,2013,nwe,atl,7,0
863,4,2013,nor,mia,15,-6
864,5,2013,cle,buf,14,1
865,5,2013,jax,ram,-3,11
866,5,2013,chi,nor,-5,3
867,5,2013,cin,nwe,-10,-17
868,5,2013,gnb,det,-1,-14
869,5,2013,mia,rav,0,3
870,5,2013,nyg,phi,-2,13
871,5,2013,sea,clt,5,11
872,5,2013,oti,kan,-6,3
873,5,2013,car,crd,-17,-1
874,5,2013,den,dal,28,25
875,5,2013,sfo,htx,11,-20
876,5,2013,sdg,rai,-6,4
877,5,2013,atl,nyj,5,7
878,6,2013,nyg,chi,-2,4
879,6,2013,gnb,rav,-4,-6
880,6,2013,buf,cin,1,4
881,6,2013,det,cle,8,-6
882,6,2013,kan,rai,1,-16
883,6,2013,htx,ram,-10,15
884,6,2013,nyj,pit,-17,-4
885,6,2013,phi,tam,8,-3
886,6,2013,car,min,12,-13
887,6,2013,jax,den,-4,12
888,6,2013,sea,oti,-3,-10
889,6,2013,sfo,crd,9,-3
890,6,2013,nwe,nor,7,4
891,6,2013,dal,was,8,-7
892,6,2013,sdg,clt,-4,-14
893,7,2013,crd,sea,-1,11
894,7,2013,tam,atl,0,8
895,7,2013,buf,mia,0,-2
896,7,2013,det,cin,1,4
897,7,2013,phi,dal,-20,-6
898,7,2013,jax,sdg,-17,1
899,7,2013,car,ram,7,-8
900,7,2013,nwe,nyj,4,7
901,7,2013,was,chi,22,18
902,7,2013,sfo,oti,8,-6
903,7,2013,rav,pit,-7,-4
904,7,2013,gnb,cle,8,-10
905,7,2013,kan,htx,-6,-7
906,7,2013,den,clt,10,16
907,7,2013,min,nyg,-16,0
908,8,2013,car,tam,8,-10
909,8,2013,mia,nwe,-6,4
910,8,2013,nor,buf,12,-6
911,8,2013,kan,cle,0,-6
912,8,2013,nyg,phi,-8,-16
913,8,2013,dal,det,7,8
914,8,2013,jax,sfo,-13,19
915,8,2013,pit,rai,-5,-2
916,8,2013,cin,nyj,26,-14
917,8,2013,crd,atl,4,-10
918,8,2013,den,was,22,-2
919,8,2013,gnb,min,21,8
920,8,2013,sea,ram,-9,-14
921,9,2013,cin,mia,-3,-1
922,9,2013,oti,ram,5,-2
923,9,2013,kan,buf,0,-10
924,9,2013,car,atl,11,-13
925,9,2013,was,sdg,7,1
926,9,2013,dal,min,4,0
927,9,2013,nyj,nor,3,-3
928,9,2013,phi,rai,26,-3
929,9,2013,tam,sea,1,4
930,9,2013,cle,rav,1,-5
931,9,2013,pit,nwe,8,32
932,9,2013,clt,htx,4,1
933,9,2013,chi,gnb,4,-3
934,10,2013,was,min,4,11
935,10,2013,phi,gnb,4,-10
936,10,2013,jax,oti,6,4
937,10,2013,buf,pit,-13,0
938,10,2013,rav,cin,-3,-6
939,10,2013,sea,atl,10,-13
940,10,2013,det,chi,-2,-4
941,10,2013,clt,ram,-15,15
942,10,2013,nyg,rai,1,-3
943,10,2013,car,sfo,-13,-14
944,10,2013,htx,crd,1,4
945,10,2013,den,sdg,5,-3
946,10,2013,nor,dal,26,-6
947,10,2013,mia,tam,-4,-1
948,11,2013,clt,oti,7,4
949,11,2013,rav,chi,-3,0
950,11,2013,det,pit,4,14
951,11,2013,nyj,buf,-9,14
952,11,2013,cle,cin,-3,18
953,11,2013,was,phi,-7,1
954,11,2013,atl,tam,5,18
955,11,2013,rai,htx,5,0
956,11,2013,jax,crd,-9,4
957,11,2013,sdg,mia,-7,-3
958,11,2013,nyg,gnb,4,-10
959,11,2013,nor,sfo,0,-3
960,11,2013,min,sea,-3,18
961,11,2013,den,kan,4,-6
962,11,2013,car,nwe,1,-3
963,12,2013,atl,nor,-10,-6
964,12,2013,chi,ram,-2,19
965,12,2013,gnb,min,3,3
966,12,2013,jax,htx,-10,-17
967,12,2013,nyj,rav,-20,-4
968,12,2013,car,mia,-3,-7
969,12,2013,cle,pit,-12,4
970,12,2013,det,tam,-2,1
971,12,2013,sdg,kan,18,15
972,12,2013,crd,clt,17,-12
973,12,2013,rai,oti,-4,0
974,12,2013,nyg,dal,-2,1
975,12,2013,den,nwe,8,11
976,12,2013,sfo,was,4,-17
977,13,2013,det,gnb,17,-13
978,13,2013,dal,rai,8,1
979,13,2013,rav,pit,-1,-3
980,13,2013,cle,jax,5,9
981,13,2013,clt,oti,-1,-9
982,13,2013,phi,crd,1,-2
983,13,2013,htx,nwe,8,11
984,13,2013,nyj,mia,-20,0
985,13,2013,tam,car,-17,4
986,13,2013,min,chi,0,-3
987,13,2013,atl,buf,11,8
988,13,2013,ram,sfo,-10,0
989,13,2013,cin,sdg,-6,-13
990,13,2013,den,kan,12,5
991,13,2013,nyg,was,1,-6
992,13,2013,nor,sea,-16,11
993,14,2013,htx,jax,-3,4
994,14,2013,gnb,atl,-1,-2
995,14,2013,buf,tam,-17,4
996,14,2013,cin,clt,19,5
997,14,2013,cle,nwe,3,4
998,14,2013,det,phi,-3,11
999,14,2013,pit,mia,5,11
1000,14,2013,nyj,rai,14,4
1001,14,2013,was,kan,-13,22
1002,14,2013,min,rav,3,6
1003,14,2013,den,oti,28,5
1004,14,2013,ram,crd,-13,7
1005,14,2013,nyg,sdg,-9,14
1006,14,2013,sfo,sea,-4,-6
1007,14,2013,nor,car,8,-10
1008,14,2013,dal,chi,5,22
1009,15,2013,den,sdg,-3,4
1010,15,2013,jax,buf,-3,4
1011,15,2013,htx,clt,-20,2
1012,15,2013,mia,nwe,1,-3
1013,15,2013,phi,min,7,25
1014,15,2013,sfo,tam,10,-9
1015,15,2013,was,atl,3,4
1016,15,2013,cle,chi,8,15
1017,15,2013,nyg,sea,-23,0
1018,15,2013,car,nyj,7,-3
1019,15,2013,kan,rai,33,8
1020,15,2013,dal,gnb,13,14
1021,15,2013,nor,ram,-7,4
1022,15,2013,oti,crd,11,14
1023,15,2013,pit,cin,7,-3
1024,15,2013,rav,det,-5,-7
1025,16,2013,ram,tam,0,-10
1026,16,2013,mia,buf,-23,-4
1027,16,2013,min,cin,-9,19
1028,16,2013,nyj,cle,1,-10
1029,16,2013,clt,kan,0,-16
1030,16,2013,den,htx,14,-10
1031,16,2013,jax,oti,-7,-3
1032,16,2013,was,dal,0,1
1033,16,2013,nor,car,-10,-6
1034,16,2013,nyg,det,0,-3
1035,16,2013,crd,sea,-6,-13
1036,16,2013,pit,gnb,15,8
1037,16,2013,nwe,rav,18,-16
1038,16,2013,sdg,rai,3,-10
1039,16,2013,chi,phi,-12,31
1040,16,2013,sfo,atl,11,1
1041,17,2013,rav,cin,-6,11
1042,17,2013,cle,pit,-16,-3
1043,17,2013,jax,clt,-13,7
1044,17,2013,oti,htx,-7,-13
1045,17,2013,nyj,mia,-3,-16
1046,17,2013,nyg,was,-3,-17
1047,17,2013,car,atl,-2,-3
1048,17,2013,min,det,-9,-10
1049,17,2013,buf,nwe,-3,11
1050,17,2013,chi,gnb,5,10
1051,17,2013,crd,sfo,-3,0
1052,17,2013,den,rai,11,-9
1053,17,2013,tam,nor,-6,19
1054,17,2013,sdg,kan,4,1
1055,17,2013,sea,ram,4,-14
1056,17,2013,dal,phi,-1,1
1057,WildCard,2013,kan,clt,21,22
1058,WildCard,2013,nor,phi,3,1
1059,WildCard,2013,sdg,cin,4,-13
1060,WildCard,2013,gnb,sfo,-3,0
1061,Division,2013,nor,sea,-8,0
1062,Division,2013,nwe,clt,20,-1
1063,Division,2013,sfo,car,0,-13
1064,Division,2013,sdg,den,-6,1
1065,ConfChamp,2013,den,nwe,3,-7
1066,ConfChamp,2013,sea,sfo,0,-6
1067,SuperBowl,2013,sea,den,20,-15
1068,1,2014,sea,gnb,13,-7
1069,1,2014,buf,chi,0,-3
1070,1,2014,min,ram,11,-17
1071,1,2014,rav,cin,-7,0
1072,1,2014,pit,cle,7,4
1073,1,2014,phi,jax,11,-6
1074,1,2014,kan,oti,-13,3
1075,1,2014,nyj,rai,-4,-9
1076,1,2014,nor,atl,11,14
1077,1,2014,was,htx,-17,-6
1078,1,2014,mia,nwe,10,-3
1079,1,2014,tam,car,-9,-3
1080,1,2014,dal,sfo,-6,5
1081,1,2014,den,clt,8,1
1082,1,2014,nyg,det,-9,12
1083,1,2014,sdg,crd,-6,-5
1084,2,2014,pit,rav,-17,3
1085,2,2014,buf,mia,6,-13
1086,2,2014,nor,cle,1,3
1087,2,2014,oti,dal,-13,3
1088,2,2014,det,car,-16,1
1089,2,2014,nyg,crd,-9,2
1090,2,2014,atl,cin,-13,1
1091,2,2014,was,jax,18,-13
1092,2,2014,min,nwe,-16,7
1093,2,2014,tam,ram,-6,-4
1094,2,2014,sdg,sea,7,-2
1095,2,2014,kan,den,-6,1
1096,2,2014,gnb,nyj,8,1
1097,2,2014,htx,rai,7,-9
1098,2,2014,chi,sfo,5,-3
1099,2,2014,phi,clt,7,4
1100,3,2014,atl,tam,33,-9
1101,3,2014,ram,dal,8,11
1102,3,2014,sdg,buf,-1,-13
1103,3,2014,oti,cin,-16,10
1104,3,2014,cle,rav,-2,0
1105,3,2014,jax,clt,-6,21
1106,3,2014,det,gnb,-4,-16
1107,3,2014,htx,nyg,-6,7
1108,3,2014,nwe,rai,-7,-14
1109,3,2014,phi,was,14,11
1110,3,2014,nor,min,-3,-14
1111,3,2014,sfo,crd,-9,0
1112,3,2014,den,sea,-3,3
1113,3,2014,mia,kan,-8,11
1114,3,2014,pit,car,14,-4
1115,3,2014,chi,nyj,4,-4
1116,4,2014,was,nyg,-9,22
1117,4,2014,buf,htx,-6,0
1118,4,2014,rav,car,15,-13
1119,4,2014,chi,gnb,-6,15
1120,4,2014,det,nyj,1,-6
1121,4,2014,oti,clt,-6,18
1122,4,2014,pit,tam,1,4
1123,4,2014,rai,mia,-9,15
1124,4,2014,sdg,jax,10,-9
1125,4,2014,atl,min,5,18
1126,4,2014,phi,sfo,-2,3
1127,4,2014,dal,nor,15,-6
1128,4,2014,kan,nwe,18,-9
1129,5,2014,min,gnb,-13,19
1130,5,2014,cle,oti,6,5
1131,5,2014,pit,jax,-6,-14
1132,5,2014,phi,ram,11,5
1133,5,2014,nyg,atl,7,-3
1134,5,2014,det,buf,-9,-6
1135,5,2014,chi,car,1,8
1136,5,2014,clt,rav,-3,-10
1137,5,2014,dal,htx,-3,-6
1138,5,2014,tam,nor,8,14
1139,5,2014,crd,den,-3,18
1140,5,2014,sfo,kan,-1,-6
1141,5,2014,sdg,nyj,8,-23
1142,5,2014,cin,nwe,-6,20
1143,5,2014,was,sea,-6,4
1144,6,2014,htx,clt,5,10
1145,6,2014,cle,pit,8,-13
1146,6,2014,den,nyj,8,-6
1147,6,2014,nwe,buf,14,-1
1148,6,2014,min,det,-20,-6
1149,6,2014,mia,gnb,1,4
1150,6,2014,jax,oti,-9,-7
1151,6,2014,tam,rav,-6,25
1152,6,2014,cin,car,14,14
1153,6,2014,sdg,rai,8,5
1154,6,2014,was,crd,-3,7
1155,6,2014,atl,chi,-10,4
1156,6,2014,dal,sea,7,0
1157,6,2014,nyg,phi,-23,4
1158,6,2014,sfo,ram,8,-6
1159,7,2014,nwe,nyj,4,2
1160,7,2014,ram,sea,5,3
1161,7,2014,chi,mia,-9,4
1162,7,2014,clt,cin,4,-23
1163,7,2014,jax,cle,1,-17
1164,7,2014,atl,rav,-16,6
1165,7,2014,min,buf,-7,-6
1166,7,2014,gnb,car,15,-6
1167,7,2014,nor,det,0,1
1168,7,2014,oti,was,-6,-4
1169,7,2014,sdg,kan,-3,0
1170,7,2014,rai,crd,-10,1
1171,7,2014,nyg,dal,-2,8
1172,7,2014,den,sfo,19,-6
1173,7,2014,htx,pit,0,7
1174,8,2014,sdg,den,-2,12
1175,8,2014,det,atl,-1,-2
1176,8,2014,cin,rav,4,1
1177,8,2014,buf,nyj,20,0
1178,8,2014,chi,nwe,0,28
1179,8,2014,jax,mia,-10,4
1180,8,2014,htx,oti,7,-7
1181,8,2014,min,tam,-4,-10
1182,8,2014,kan,ram,11,-16
1183,8,2014,car,sea,-14,-10
1184,8,2014,phi,crd,-3,1
1185,8,2014,rai,cle,-10,0
1186,8,2014,clt,pit,11,28
1187,8,2014,gnb,nor,0,21
1188,8,2014,dal,was,-6,-3
1189,9,2014,nor,car,5,-13
1190,9,2014,jax,cin,0,10
1191,9,2014,cle,tam,-1,-6
1192,9,2014,sdg,mia,-23,14
1193,9,2014,kan,nyj,1,-13
1194,9,2014,htx,phi,-2,8
1195,9,2014,min,was,6,3
1196,9,2014,crd,dal,5,-6
1197,9,2014,sfo,ram,-13,-10
1198,9,2014,nwe,den,20,-2
1199,9,2014,rai,sea,1,7
1200,9,2014,rav,pit,0,20
1201,9,2014,clt,nyg,17,1
1202,10,2014,cin,cle,-20,1
1203,10,2014,buf,kan,-10,-6
1204,10,2014,det,mia,-3,-7
1205,10,2014,nyj,pit,-3,-10
1206,10,2014,sfo,nor,4,1
1207,10,2014,rav,oti,-2,-16
1208,10,2014,atl,tam,4,-6
1209,10,2014,jax,dal,-6,8
1210,10,2014,den,rai,18,-6
1211,10,2014,crd,ram,8,-9
1212,10,2014,sea,nyg,15,-6
1213,10,2014,chi,gnb,-9,32
1214,10,2014,car,phi,-2,22
1215,11,2014,mia,buf,-1,-14
1216,11,2014,ram,den,-1,-16
1217,11,2014,chi,min,-2,-10
1218,11,2014,cin,nor,4,-13
1219,11,2014,car,atl,-6,-4
1220,11,2014,cle,htx,-16,0
1221,11,2014,sfo,nyg,-7,-13
1222,11,2014,was,tam,-16,4
1223,11,2014,kan,sea,1,-3
1224,11,2014,rai,sdg,-17,-10
1225,11,2014,det,crd,-17,-9
1226,11,2014,gnb,phi,30,-3
1227,11,2014,clt,nwe,-3,19
1228,11,2014,oti,pit,1,4
1229,12,2014,rai,kan,1,-3
1230,12,2014,atl,cle,1,3
1231,12,2014,tam,chi,-10,-2
1232,12,2014,htx,cin,-10,-1
1233,12,2014,jax,clt,-20,0
1234,12,2014,det,nwe,-14,11
1235,12,2014,phi,oti,20,1
1236,12,2014,min,gnb,-2,1
1237,12,2014,ram,sdg,1,4
1238,12,2014,crd,sea,-20,-4
1239,12,2014,den,mia,16,13
1240,12,2014,sfo,was,-6,-10
1241,12,2014,nyg,dal,5,8
1242,12,2014,nyj,buf,-20,15
1243,12,2014,rav,nor,11,4
1244,13,2014,det,chi,11,-6
1245,13,2014,phi,dal,10,-13
1246,13,2014,sea,sfo,-4,-20
1247,13,2014,ram,rai,29,-23
1248,13,2014,buf,cle,3,-13
1249,13,2014,car,min,-10,8
1250,13,2014,tam,cin,-10,-9
1251,13,2014,clt,was,26,4
1252,13,2014,htx,oti,22,-2
1253,13,2014,nor,pit,12,9
1254,13,2014,sdg,rav,11,10
1255,13,2014,jax,nyg,2,1
1256,13,2014,crd,atl,-5,6
1257,13,2014,gnb,nwe,3,-2
1258,13,2014,den,kan,6,-7
1259,13,2014,mia,nyj,-7,-10
1260,14,2014,chi,dal,5,18
1261,14,2014,pit,cin,19,-2
1262,14,2014,tam,det,-6,11
1263,14,2014,rav,mia,5,-10
1264,14,2014,nyj,min,1,7
1265,14,2014,car,nor,18,-13
1266,14,2014,clt,cle,2,1
1267,14,2014,jax,htx,-10,4
1268,14,2014,nyg,oti,13,-16
1269,14,2014,ram,was,1,-23
1270,14,2014,buf,den,-6,1
1271,14,2014,crd,kan,-6,-9
1272,14,2014,phi,sea,-9,1
1273,14,2014,sfo,rai,-10,1
1274,14,2014,nwe,sdg,0,-9
1275,14,2014,atl,gnb,14,20
1276,15,2014,ram,crd,-17,-11
1277,15,2014,pit,atl,4,-3
1278,15,2014,buf,gnb,-2,-10
1279,15,2014,cle,cin,-23,7
1280,15,2014,htx,clt,-13,-6
1281,15,2014,jax,rav,-11,-3
1282,15,2014,nwe,mia,18,-10
1283,15,2014,nyg,was,1,-10
1284,15,2014,tam,car,-6,-4
1285,15,2014,kan,rai,8,-10
1286,15,2014,sdg,den,-13,-1
1287,15,2014,oti,nyj,-12,-7
1288,15,2014,min,det,-9,-7
1289,15,2014,sea,sfo,-6,-16
1290,15,2014,dal,phi,15,4
1291,15,2014,chi,nor,-8,8
1292,16,2014,jax,oti,-2,-10
1293,16,2014,phi,was,1,4
1294,16,2014,sdg,sfo,15,12
1295,16,2014,htx,rav,2,-10
1296,16,2014,kan,pit,-11,-3
1297,16,2014,nyj,nwe,-7,-6
1298,16,2014,atl,nor,7,-9
1299,16,2014,chi,det,-9,-3
1300,16,2014,tam,gnb,-20,-3
1301,16,2014,min,mia,12,14
1302,16,2014,cle,car,-10,-6
1303,16,2014,nyg,ram,14,4
1304,16,2014,buf,rai,1,3
1305,16,2014,clt,dal,-16,19
1306,16,2014,sea,crd,12,-17
1307,16,2014,cin,den,14,5
1308,17,2014,buf,nwe,-6,-14
1309,17,2014,chi,min,-14,-10
1310,17,2014,cle,rav,-13,-3
1311,17,2014,oti,clt,-13,4
1312,17,2014,mia,nyj,1,14
1313,17,2014,nyg,phi,3,11
1314,17,2014,jax,htx,-6,0
1315,17,2014,sdg,kan,-16,-4
1316,17,2014,tam,nor,-3,0
1317,17,2014,dal,was,21,-6
1318,17,2014,atl,car,-20,11
1319,17,2014,sfo,crd,-3,-6
1320,17,2014,rai,den,-9,24
1321,17,2014,det,gnb,-3,7
1322,17,2014,ram,sea,-17,-3
1323,17,2014,cin,pit,-6,4
1324,WildCard,2014,car,crd,4,-7
1325,WildCard,2014,pit,rav,-6,7
1326,WildCard,2014,cin,clt,-13,3
1327,WildCard,2014,dal,det,1,-3
1328,Division,2014,nwe,rav,12,8
1329,Division,2014,sea,car,8,-6
1330,Division,2014,dal,gnb,-2,3
1331,Division,2014,clt,den,1,-10
1332,ConfChamp,2014,gnb,sea,-1,5
1333,ConfChamp,2014,clt,nwe,-16,22
1334,SuperBowl,2014,sea,nwe,1,5
1335,1,2015,pit,nwe,-2,5
1336,1,2015,chi,gnb,0,8
1337,1,2015,ram,sea,11,8
1338,1,2015,kan,htx,4,-3
1339,1,2015,was,mia,-13,-6
1340,1,2015,clt,buf,-9,4
1341,1,2015,jax,car,-14,-3
1342,1,2015,cle,nyj,-13,8
1343,1,2015,crd,nor,8,-4
1344,1,2015,sdg,det,10,5
1345,1,2015,cin,rai,10,-10
1346,1,2015,den,rav,-4,-10
1347,1,2015,oti,tam,19,-9
1348,1,2015,dal,nyg,4,3
1349,1,2015,phi,atl,1,3
1350,1,2015,min,sfo,-20,-3
1351,2,2015,kan,den,1,8
1352,2,2015,crd,chi,25,0
1353,2,2015,atl,nyg,1,-3
1354,2,2015,buf,nwe,9,17
1355,2,2015,car,htx,1,-6
1356,2,2015,cle,oti,5,-9
1357,2,2015,tam,nor,3,-4
1358,2,2015,sfo,pit,-5,20
1359,2,2015,sdg,cin,-4,1
1360,2,2015,min,det,3,-7
1361,2,2015,ram,was,-13,1
1362,2,2015,mia,jax,-3,0
1363,2,2015,rav,rai,10,14
1364,2,2015,phi,dal,-13,-3
1365,2,2015,sea,gnb,-6,4
1366,2,2015,nyj,clt,-3,-16
1367,3,2015,was,nyg,-2,9
1368,3,2015,ram,pit,-17,-11
1369,3,2015,rav,cin,1,5
1370,3,2015,cle,rai,-3,4
1371,3,2015,sdg,min,-9,8
1372,3,2015,atl,dal,16,5
1373,3,2015,nor,car,-1,4
1374,3,2015,oti,clt,10,12
1375,3,2015,htx,tam,-4,-14
1376,3,2015,phi,nyj,1,-6
1377,3,2015,jax,nwe,-6,28
1378,3,2015,crd,sfo,24,-16
1379,3,2015,mia,buf,-9,18
1380,3,2015,chi,sea,-23,3
1381,3,2015,det,den,-11,1
1382,3,2015,kan,gnb,5,15
1383,4,2015,rav,pit,0,-3
1384,4,2015,nyj,mia,4,-9
1385,4,2015,htx,atl,-2,25
1386,4,2015,nyg,buf,1,-13
1387,4,2015,chi,rai,-1,-3
1388,4,2015,jax,clt,-10,-7
1389,4,2015,tam,car,0,14
1390,4,2015,kan,cin,-2,13
1391,4,2015,was,phi,0,-3
1392,4,2015,cle,sdg,4,7
1393,4,2015,crd,ram,-1,1
1394,4,2015,min,den,-3,0
1395,4,2015,gnb,sfo,-6,-20
1396,4,2015,nor,dal,3,-3
1397,4,2015,sea,det,-10,-13
1398,5,2015,clt,htx,4,-3
1399,5,2015,atl,was,2,-4
1400,5,2015,kan,chi,-6,-5
1401,5,2015,rav,cle,7,10
1402,5,2015,gnb,ram,1,-13
1403,5,2015,tam,jax,15,8
1404,5,2015,oti,buf,-10,-9
1405,5,2015,sea,cin,1,4
1406,5,2015,nor,phi,-6,16
1407,5,2015,det,crd,-6,19
1408,5,2015,nwe,dal,7,-17
1409,5,2015,rai,den,-13,-7
1410,5,2015,sfo,nyg,4,7
1411,5,2015,sdg,pit,-3,1
1412,6,2015,nor,atl,8,-2
1413,6,2015,was,nyj,-3,11
1414,6,2015,buf,cin,-2,11
1415,6,2015,chi,det,11,14
1416,6,2015,den,cle,3,0
1417,6,2015,htx,jax,8,-3
1418,6,2015,kan,min,-13,-7
1419,6,2015,mia,oti,15,-13
1420,6,2015,crd,pit,-10,2
1421,6,2015,sea,car,0,4
1422,6,2015,sdg,gnb,-3,4
1423,6,2015,sfo,rav,2,-3
1424,6,2015,nwe,clt,11,4
1425,6,2015,nyg,phi,-16,4
1426,7,2015,sea,sfo,-3,-20
1427,7,2015,jax,buf,11,8
1428,7,2015,ram,cle,1,-17
1429,7,2015,nwe,nyj,7,0
1430,7,2015,atl,oti,-13,-16
1431,7,2015,det,min,-4,5
1432,7,2015,htx,mia,3,21
1433,7,2015,nor,clt,4,-2
1434,7,2015,kan,pit,0,-10
1435,7,2015,was,tam,8,7
1436,7,2015,sdg,rai,6,14
1437,7,2015,dal,nyg,-3,4
1438,7,2015,car,phi,4,-7
1439,7,2015,crd,rav,3,-5
1440,8,2015,nwe,mia,13,-16
1441,8,2015,kan,det,22,-13
1442,8,2015,chi,min,-3,0
1443,8,2015,ram,sfo,4,-17
1444,8,2015,pit,cin,-13,-7
1445,8,2015,tam,atl,0,-3
1446,8,2015,cle,crd,-3,11
1447,8,2015,htx,oti,-3,-17
1448,8,2015,nor,nyg,29,26
1449,8,2015,rav,sdg,6,3
1450,8,2015,nyj,rai,-3,11
1451,8,2015,sea,dal,-10,-11
1452,8,2015,gnb,den,-13,6
1453,8,2015,clt,car,3,6
1454,9,2015,cle,cin,-13,8
1455,9,2015,mia,buf,-6,10
1456,9,2015,jax,nyj,0,5
1457,9,2015,ram,min,-5,-2
1458,9,2015,was,nwe,-13,4
1459,9,2015,nor,oti,5,11
1460,9,2015,rai,pit,12,15
1461,9,2015,car,gnb,14,6
1462,9,2015,sfo,atl,-6,-7
1463,9,2015,tam,nyg,-5,9
1464,9,2015,den,clt,1,4
1465,9,2015,dal,phi,4,10
1466,9,2015,sdg,chi,-4,-1
1467,10,2015,buf,nyj,-1,-6
1468,10,2015,chi,ram,14,-10
1469,10,2015,car,oti,4,-13
1470,10,2015,gnb,det,-7,-5
1471,10,2015,pit,cle,7,-14
1472,10,2015,dal,tam,-17,-13
1473,10,2015,jax,rav,-1,-3
1474,10,2015,mia,phi,-3,-4
1475,10,2015,nor,was,-9,24
1476,10,2015,rai,min,-9,7
1477,10,2015,den,kan,-10,6
1478,10,2015,nwe,nyg,4,3
1479,10,2015,sea,crd,9,16
1480,10,2015,cin,htx,-17,-13
1481,11,2015,jax,oti,-4,-10
1482,11,2015,clt,atl,1,-2
1483,11,2015,was,car,-7,21
1484,11,2015,chi,den,-8,-6
1485,11,2015,det,rai,-5,-10
1486,11,2015,tam,phi,22,-6
1487,11,2015,rav,ram,-7,-10
1488,11,2015,mia,dal,-9,1
1489,11,2015,htx,nyj,1,-6
1490,11,2015,sdg,kan,-20,10
1491,11,2015,gnb,min,7,-10
1492,11,2015,sea,sfo,6,-10
1493,11,2015,cin,crd,8,11
1494,11,2015,buf,nwe,-10,-3
1495,12,2015,phi,det,-9,22
1496,12,2015,dal,car,-9,10
1497,12,2015,gnb,chi,-10,-6
1498,12,2015,atl,min,-13,-3
1499,12,2015,cin,ram,8,-16
1500,12,2015,tam,clt,-11,2
1501,12,2015,nor,htx,-17,1
1502,12,2015,mia,nyj,-3,15
1503,12,2015,oti,rai,-2,1
1504,12,2015,buf,kan,-1,7
1505,12,2015,sdg,jax,8,2
1506,12,2015,was,nyg,-3,-9
1507,12,2015,crd,sfo,-4,-10
1508,12,2015,pit,sea,7,16
1509,12,2015,den,nwe,7,1
1510,12,2015,cle,rav,4,10
1511,13,2015,gnb,det,4,0
1512,13,2015,crd,ram,4,-20
1513,13,2015,htx,buf,-2,7
1514,13,2015,sfo,chi,3,-3
1515,13,2015,oti,jax,19,16
1516,13,2015,sea,min,15,-16
1517,13,2015,tam,atl,0,-4
1518,13,2015,cle,cin,-20,14
1519,13,2015,mia,rav,-8,-10
1520,13,2015,nyg,nyj,-3,0
1521,13,2015,sdg,den,-20,-6
1522,13,2015,rai,kan,-3,11
1523,13,2015,nor,car,15,18
1524,13,2015,phi,nwe,12,5
1525,13,2015,clt,pit,-13,22
1526,13,2015,dal,was,-4,-7
1527,14,2015,crd,min,0,-3
1528,14,2015,buf,phi,-3,0
1529,14,2015,was,chi,1,-2
1530,14,2015,cin,pit,-3,10
1531,14,2015,sfo,cle,-13,1
1532,14,2015,jax,clt,28,-7
1533,14,2015,det,ram,-9,-2
1534,14,2015,tam,nor,-6,1
1535,14,2015,nyj,oti,7,-15
1536,14,2015,rav,sea,-17,12
1537,14,2015,car,atl,15,-23
1538,14,2015,sdg,kan,-20,-13
1539,14,2015,den,rai,-11,-8
1540,14,2015,gnb,dal,5,-16
1541,14,2015,nwe,htx,4,-17
1542,14,2015,nyg,mia,8,1
1543,15,2015,ram,tam,8,0
1544,15,2015,nyj,dal,-4,-7
1545,15,2015,atl,jax,0,-6
1546,15,2015,nyg,car,12,15
1547,15,2015,min,chi,15,-6
1548,15,2015,htx,clt,-7,-13
1549,15,2015,kan,rav,11,-9
1550,15,2015,nwe,oti,10,-7
1551,15,2015,buf,was,2,12
1552,15,2015,gnb,rai,7,-3
1553,15,2015,cle,sea,-10,7
1554,15,2015,sfo,cin,-9,1
1555,15,2015,pit,den,11,4
1556,15,2015,mia,sdg,-9,7
1557,15,2015,phi,crd,-6,17
1558,15,2015,nor,det,4,12
1559,16,2015,rai,sdg,0,-3
1560,16,2015,was,phi,15,1
1561,16,2015,car,atl,-10,-3
1562,16,2015,buf,dal,-7,-17
1563,16,2015,mia,clt,-11,-5
1564,16,2015,oti,htx,-17,11
1565,16,2015,nyj,nwe,3,-3
1566,16,2015,pit,rav,-6,-3
1567,16,2015,chi,tam,3,-2
1568,16,2015,cle,kan,-10,-6
1569,16,2015,sfo,det,-6,9
1570,16,2015,nor,jax,15,4
1571,16,2015,crd,gnb,15,-15
1572,16,2015,sea,ram,-6,0
1573,16,2015,nyg,min,-6,26
1574,16,2015,cin,den,-6,-3
1575,17,2015,nor,atl,-3,-6
1576,17,2015,buf,nyj,-1,-6
1577,17,2015,chi,det,-3,1
1578,17,2015,cin,rav,1,-7
1579,17,2015,pit,cle,5,-11
1580,17,2015,oti,clt,1,7
1581,17,2015,jax,htx,-17,7
1582,17,2015,nwe,mia,-13,-3
1583,17,2015,was,dal,11,0
1584,17,2015,nyg,phi,7,12
1585,17,2015,tam,car,-13,15
1586,17,2015,sea,crd,13,-17
1587,17,2015,den,sdg,4,-3
1588,17,2015,ram,sfo,-7,-4
1589,17,2015,rai,kan,-6,0
1590,17,2015,min,gnb,-3,-10
1591,WildCard,2015,htx,kan,-23,7
1592,WildCard,2015,cin,pit,-7,-5
1593,WildCard,2015,min,sea,-14,-13
1594,WildCard,2015,was,gnb,-5,12
1595,Division,2015,kan,nwe,-3,4
1596,Division,2015,crd,gnb,3,-3
1597,Division,2015,sea,car,1,8
1598,Division,2015,den,pit,0,-7
1599,ConfChamp,2015,nwe,den,-5,-3
1600,ConfChamp,2015,crd,car,-8,26
1601,SuperBowl,2015,car,den,-13,1
1602,1,2016,den,car,-2,-3
1603,1,2016,buf,rav,-16,-10
1604,1,2016,jax,gnb,0,4
1605,1,2016,tam,atl,8,1
1606,1,2016,chi,htx,-9,0
1607,1,2016,cin,nyj,0,-1
1608,1,2016,phi,cle,6,-13
1609,1,2016,sdg,kan,4,10
1610,1,2016,oti,min,-7,2
1611,1,2016,nor,rai,11,12
1612,1,2016,mia,sea,-13,-11
1613,1,2016,det,clt,16,12
1614,1,2016,dal,nyg,-4,-3
1615,1,2016,crd,nwe,-2,0
1616,1,2016,was,pit,-7,15
1617,1,2016,ram,sfo,-23,5
1618,2,2016,nyj,buf,14,8
1619,2,2016,cin,pit,-7,1
1620,2,2016,cle,rav,-3,2
1621,2,2016,det,oti,-8,-7
1622,2,2016,htx,kan,-4,-11
1623,2,2016,mia,nwe,1,8
1624,2,2016,car,sfo,23,4
1625,2,2016,dal,was,4,0
1626,2,2016,nor,nyg,-10,-7
1627,2,2016,crd,tam,17,-16
1628,2,2016,ram,sea,-14,-20
1629,2,2016,atl,rai,12,5
1630,2,2016,den,clt,11,-3
1631,2,2016,sdg,jax,15,-9
1632,2,2016,min,gnb,-6,-9
1633,2,2016,phi,chi,6,-9
1634,3,2016,htx,nwe,-23,4
1635,3,2016,buf,crd,10,-5
1636,3,2016,min,car,-1,-13
1637,3,2016,cin,den,-6,6
1638,3,2016,cle,mia,1,7
1639,3,2016,gnb,det,11,4
1640,3,2016,rav,jax,-4,-6
1641,3,2016,was,nyg,6,4
1642,3,2016,oti,rai,-13,-6
1643,3,2016,ram,tam,14,9
1644,3,2016,sfo,sea,-5,14
1645,3,2016,clt,sdg,3,-1
1646,3,2016,pit,phi,-20,11
1647,3,2016,nyj,kan,-20,1
1648,3,2016,chi,dal,-6,8
1649,3,2016,nor,atl,9,22
1650,4,2016,mia,cin,-16,-1
1651,4,2016,jax,clt,7,4
1652,4,2016,det,chi,-9,-6
1653,4,2016,buf,nwe,-7,-23
1654,4,2016,oti,htx,-3,4
1655,4,2016,rav,rai,4,5
1656,4,2016,nyj,sea,-6,4
1657,4,2016,atl,car,25,10
1658,4,2016,was,cle,8,-3
1659,4,2016,tam,den,-16,4
1660,4,2016,ram,crd,-6,-10
1661,4,2016,sfo,dal,-6,1
1662,4,2016,sdg,nor,11,12
1663,4,2016,kan,pit,-9,20
1664,4,2016,min,nyg,1,-13
1665,5,2016,sfo,crd,-2,10
1666,5,2016,chi,clt,0,6
1667,5,2016,cle,nwe,-10,10
1668,5,2016,det,phi,1,0
1669,5,2016,mia,oti,-6,7
1670,5,2016,nyj,pit,-10,8
1671,5,2016,was,rav,-7,-13
1672,5,2016,min,htx,8,-10
1673,5,2016,atl,den,0,-7
1674,5,2016,ram,buf,-4,7
1675,5,2016,dal,cin,5,-9
1676,5,2016,sdg,rai,8,11
1677,5,2016,gnb,nyg,0,-7
1678,5,2016,car,tam,-9,-6
1679,6,2016,den,sdg,-10,-2
1680,6,2016,buf,sfo,22,-7
1681,6,2016,jax,chi,-6,-7
1682,6,2016,cin,nwe,-6,12
1683,6,2016,oti,cle,5,3
1684,6,2016,det,ram,8,5
1685,6,2016,pit,mia,-8,7
1686,6,2016,rav,nyg,0,4
1687,6,2016,was,phi,4,-3
1688,6,2016,nor,car,18,15
1689,6,2016,kan,rai,3,-13
1690,6,2016,gnb,dal,-7,7
1691,6,2016,sea,atl,3,1
1692,6,2016,htx,clt,3,0
1693,6,2016,crd,nyj,5,-20
1694,7,2016,chi,gnb,-13,3
1695,7,2016,nyg,ram,-6,-13
1696,7,2016,rai,jax,10,-7
1697,7,2016,min,phi,-13,-2
1698,7,2016,buf,mia,2,5
1699,7,2016,cle,cin,-6,8
1700,7,2016,oti,clt,3,11
1701,7,2016,was,det,-6,-3
1702,7,2016,kan,nor,4,-2
1703,7,2016,rav,nyj,-7,1
1704,7,2016,atl,sdg,7,10
1705,7,2016,tam,sfo,11,-6
1706,7,2016,nwe,pit,4,-7
1707,7,2016,sea,crd,-17,-17
1708,7,2016,den,htx,4,-14
1709,8,2016,oti,jax,13,-1
1710,8,2016,was,cin,4,4
1711,8,2016,car,crd,7,-3
1712,8,2016,nwe,buf,18,2
1713,8,2016,cle,nyj,5,8
1714,8,2016,clt,kan,-9,7
1715,8,2016,rai,tam,7,1
1716,8,2016,nor,sea,2,-3
1717,8,2016,det,htx,-10,-3
1718,8,2016,den,sdg,4,-4
1719,8,2016,gnb,atl,9,10
1720,8,2016,phi,dal,0,6
1721,8,2016,chi,min,-3,-13
1722,9,2016,atl,tam,20,5
1723,9,2016,kan,jax,-4,-9
1724,9,2016,nyj,mia,0,4
1725,9,2016,nyg,phi,5,0
1726,9,2016,rav,pit,-2,-9
1727,9,2016,dal,cle,12,-13
1728,9,2016,det,min,-1,-7
1729,9,2016,ram,car,-13,-10
1730,9,2016,nor,sfo,18,0
1731,9,2016,clt,gnb,8,3
1732,9,2016,oti,sdg,12,20
1733,9,2016,den,rai,-3,7
1734,9,2016,buf,sea,2,8
1735,10,2016,rav,cle,5,-16
1736,10,2016,car,kan,-6,-3
1737,10,2016,tam,chi,13,-13
1738,10,2016,oti,gnb,24,2
1739,10,2016,htx,jax,1,-2
1740,10,2016,min,was,-3,3
1741,10,2016,phi,atl,1,-8
1742,10,2016,nor,den,0,2
1743,10,2016,nyj,ram,-17,-14
1744,10,2016,mia,sdg,8,1
1745,10,2016,sfo,crd,-3,0
1746,10,2016,pit,dal,7,12
1747,10,2016,sea,nwe,8,1
1748,10,2016,nyg,cin,-2,-3
1749,11,2016,nor,car,-3,0
1750,11,2016,buf,cin,-7,-11
1751,11,2016,chi,nyg,-7,-1
1752,11,2016,clt,oti,1,-6
1753,11,2016,min,crd,7,1
1754,11,2016,rav,dal,-6,4
1755,11,2016,jax,det,-4,3
1756,11,2016,kan,tam,-6,-4
1757,11,2016,pit,cle,1,-14
1758,11,2016,mia,ram,-9,-13
1759,11,2016,sfo,nwe,-6,7
1760,11,2016,phi,sea,-8,3
1761,11,2016,was,gnb,19,1
1762,11,2016,htx,rai,-3,4
1763,12,2016,min,det,-10,-7
1764,12,2016,dal,was,8,3
1765,12,2016,pit,clt,5,-16
1766,12,2016,atl,crd,15,-4
1767,12,2016,jax,buf,-2,5
1768,12,2016,chi,oti,-2,4
1769,12,2016,cin,rav,-9,-4
1770,12,2016,sdg,htx,-2,-10
1771,12,2016,mia,sfo,8,1
1772,12,2016,ram,nor,-2,26
1773,12,2016,cle,nyg,-10,4
1774,12,2016,tam,sea,-9,-18
1775,12,2016,car,rai,9,12
1776,12,2016,nwe,nyj,-1,-6
1777,12,2016,kan,den,7,4
1778,12,2016,gnb,phi,4,-10
1779,13,2016,min,dal,-8,-6
1780,13,2016,kan,atl,6,5
1781,13,2016,chi,sfo,3,-17
1782,13,2016,phi,cin,-9,9
1783,13,2016,jax,den,-13,-3
1784,13,2016,nor,det,-10,5
1785,13,2016,htx,gnb,-10,-2
1786,13,2016,rav,mia,15,-17
1787,13,2016,nwe,ram,3,-13
1788,13,2016,buf,rai,1,15
1789,13,2016,crd,was,8,0
1790,13,2016,nyg,pit,-9,1
1791,13,2016,tam,sdg,5,-2
1792,13,2016,car,sea,-16,17
1793,13,2016,nyj,clt,-13,18
1794,14,2016,kan,rai,-2,-10
1795,14,2016,buf,pit,-3,4
1796,14,2016,sdg,car,-7,5
1797,14,2016,det,chi,-3,-6
1798,14,2016,cle,cin,-13,0
1799,14,2016,clt,htx,-6,-1
1800,14,2016,crd,mia,0,3
1801,14,2016,oti,den,-10,-13
1802,14,2016,min,jax,2,-7
1803,14,2016,was,phi,4,-1
1804,14,2016,nyj,sfo,0,-6
1805,14,2016,ram,atl,-9,19
1806,14,2016,gnb,sea,15,-13
1807,14,2016,nor,tam,-12,-7
1808,14,2016,nyg,dal,-13,-16
1809,14,2016,rav,nwe,0,7
1810,15,2016,sea,ram,1,-20
1811,15,2016,nyj,mia,-10,11
1812,15,2016,buf,cle,10,-10
1813,15,2016,gnb,chi,7,4
1814,15,2016,pit,cin,1,-3
1815,15,2016,min,clt,-17,11
1816,15,2016,nyg,det,-6,-17
1817,15,2016,jax,htx,-3,-2
1818,15,2016,kan,oti,-6,-4
1819,15,2016,rav,phi,4,3
1820,15,2016,atl,sfo,18,-10
1821,15,2016,nor,crd,25,18
1822,15,2016,den,nwe,-20,-7
1823,15,2016,sdg,rai,-7,-4
1824,15,2016,dal,tam,3,-3
1825,15,2016,was,car,-8,3
1826,16,2016,phi,nyg,1,-4
1827,16,2016,car,atl,-7,10
1828,16,2016,buf,mia,8,11
1829,16,2016,chi,was,-2,18
1830,16,2016,cle,sdg,-3,-6
1831,16,2016,gnb,min,15,2
1832,16,2016,jax,oti,15,-6
1833,16,2016,nwe,nyj,18,-20
1834,16,2016,clt,rai,2,10
1835,16,2016,sea,crd,8,11
1836,16,2016,tam,nor,1,8
1837,16,2016,sfo,ram,-1,-2
1838,16,2016,cin,htx,-13,-11
1839,16,2016,pit,rav,8,4
1840,16,2016,kan,den,10,-13
1841,16,2016,det,dal,-2,19
1842,17,2016,nyj,buf,7,-13
1843,17,2016,tam,car,-6,-7
1844,17,2016,min,chi,15,-13
1845,17,2016,rav,cin,-13,4
1846,17,2016,pit,cle,4,1
1847,17,2016,clt,jax,1,-3
1848,17,2016,dal,phi,-10,4
1849,17,2016,htx,oti,-6,1
1850,17,2016,mia,nwe,-9,12
1851,17,2016,atl,nor,15,9
1852,17,2016,crd,ram,21,-17
1853,17,2016,den,rai,1,-17
1854,17,2016,sdg,kan,4,14
1855,17,2016,was,nyg,-13,-4
1856,17,2016,sea,sfo,2,0
1857,17,2016,gnb,det,8,1
1858,WildCard,2016,rai,htx,-9,4
1859,WildCard,2016,det,sea,-17,3
1860,WildCard,2016,pit,mia,7,-11
1861,WildCard,2016,gnb,nyg,15,-10
1862,Division,2016,atl,sea,13,-3
1863,Division,2016,nwe,htx,11,-7
1864,Division,2016,gnb,dal,11,8
1865,Division,2016,kan,pit,-7,-5
1866,ConfChamp,2016,gnb,atl,-2,21
1867,ConfChamp,2016,pit,nwe,-6,13
1868,SuperBowl,2016,nwe,atl,11,5
1869,1,2017,kan,nwe,19,4
1870,1,2017,atl,chi,0,-6
1871,1,2017,nyj,buf,-11,-2
1872,1,2017,cin,rav,-23,-3
1873,1,2017,pit,cle,-2,-5
1874,1,2017,det,crd,12,0
1875,1,2017,htx,jax,-16,6
1876,1,2017,oti,rai,-7,3
1877,1,2017,was,phi,-6,7
1878,1,2017,clt,ram,-14,23
1879,1,2017,car,sfo,0,-20
1880,1,2017,sea,gnb,-14,-6
1881,1,2017,dal,nyg,-4,-20
1882,1,2017,nor,min,-4,6
1883,1,2017,sdg,den,-2,1
1884,2,2017,htx,cin,-10,-14
1885,2,2017,buf,car,-20,-14
1886,2,2017,tam,chi,6,-16
1887,2,2017,rav,cle,1,-13
1888,2,2017,crd,clt,-7,-10
1889,2,2017,jax,oti,-7,14
1890,2,2017,phi,kan,-3,4
1891,2,2017,pit,min,3,-14
1892,2,2017,nor,nwe,-3,13
1893,2,2017,mia,sdg,-4,-6
1894,2,2017,nyj,rai,-3,22
1895,2,2017,dal,den,-6,19
1896,2,2017,ram,was,-3,4
1897,2,2017,sea,sfo,-11,-14
1898,2,2017,gnb,atl,0,11
1899,2,2017,nyg,det,-13,1
1900,3,2017,ram,sfo,18,16
1901,3,2017,jax,rav,21,-16
1902,3,2017,mia,nyj,-17,-3
1903,3,2017,atl,det,7,3
1904,3,2017,den,buf,-7,3
1905,3,2017,nor,car,11,-10
1906,3,2017,chi,pit,0,-6
1907,3,2017,clt,cle,8,5
1908,3,2017,nwe,htx,13,10
1909,3,2017,min,tam,11,-6
1910,3,2017,phi,nyg,4,1
1911,3,2017,sea,oti,4,10
1912,3,2017,gnb,cin,4,1
1913,3,2017,sdg,kan,-13,1
1914,3,2017,rai,was,-13,4
1915,3,2017,dal,crd,5,-6
1916,4,2017,gnb,chi,12,-9
1917,4,2017,nor,mia,-3,-23
1918,4,2017,atl,buf,-6,0
1919,4,2017,nwe,car,7,10
1920,4,2017,cle,cin,-16,8
1921,4,2017,dal,ram,7,12
1922,4,2017,min,det,-16,-9
1923,4,2017,htx,oti,34,-9
1924,4,2017,jax,nyj,-3,0
1925,4,2017,pit,rav,3,-14
1926,4,2017,sfo,crd,-8,-5
1927,4,2017,nyg,tam,0,2
1928,4,2017,sdg,phi,1,3
1929,4,2017,rai,den,-13,-7
1930,4,2017,sea,clt,23,-5
1931,4,2017,kan,was,6,-3
1932,5,2017,nwe,tam,-4,-9
1933,5,2017,oti,mia,-13,-7
1934,5,2017,buf,cin,-7,-3
1935,5,2017,det,car,1,4
1936,5,2017,cle,nyj,-9,-6
1937,5,2017,clt,sfo,3,0
1938,5,2017,crd,phi,-16,11
1939,5,2017,pit,jax,-14,7
1940,5,2017,sdg,nyg,4,-1
1941,5,2017,rai,rav,-6,7
1942,5,2017,sea,ram,-7,-13
1943,5,2017,gnb,dal,12,8
1944,5,2017,htx,kan,11,19
1945,5,2017,min,chi,-3,-6
1946,6,2017,car,phi,0,5
1947,6,2017,mia,atl,-3,-6
1948,6,2017,chi,rav,4,1
1949,6,2017,htx,cle,10,-6
1950,6,2017,det,nor,15,29
1951,6,2017,gnb,min,-13,0
1952,6,2017,nyj,nwe,-6,1
1953,6,2017,sfo,was,1,3
1954,6,2017,tam,crd,10,15
1955,6,2017,ram,jax,4,-6
1956,6,2017,kan,pit,-10,-4
1957,6,2017,sdg,rai,-6,-7
1958,6,2017,den,nyg,-13,0
1959,6,2017,oti,clt,13,-1
1960,7,2017,rai,kan,8,7
1961,7,2017,tam,buf,4,7
1962,7,2017,nyj,mia,5,8
1963,7,2017,chi,car,-6,-20
1964,7,2017,oti,cle,-11,-14
1965,7,2017,jax,clt,4,-23
1966,7,2017,crd,ram,-23,10
1967,7,2017,nor,gnb,3,-6
1968,7,2017,rav,min,-7,1
1969,7,2017,sfo,dal,-13,17
1970,7,2017,pit,cin,6,-9
1971,7,2017,sdg,den,-2,-23
1972,7,2017,nyg,sea,-16,1
1973,7,2017,nwe,atl,0,-16
1974,7,2017,phi,was,11,1
1975,8,2017,mia,rav,-23,17
1976,8,2017,cle,min,-7,10
1977,8,2017,nyj,atl,-3,2
1978,8,2017,buf,rai,11,-9
1979,8,2017,clt,cin,0,1
1980,8,2017,tam,car,-20,-6
1981,8,2017,nor,chi,-3,-11
1982,8,2017,nwe,sdg,-2,-10
1983,8,2017,sfo,phi,-13,10
1984,8,2017,sea,htx,18,15
1985,8,2017,dal,was,10,-4
1986,8,2017,det,pit,-8,-3
1987,8,2017,den,kan,-4,6
1988,9,2017,buf,nyj,-2,11
1989,9,2017,car,atl,-3,-6
1990,9,2017,cin,jax,-16,0
1991,9,2017,phi,den,28,0
1992,9,2017,nor,tam,7,-13
1993,9,2017,nyg,ram,-6,28
1994,9,2017,oti,rav,0,-3
1995,9,2017,clt,htx,-3,-9
1996,9,2017,sfo,crd,-13,-3
1997,9,2017,was,sea,-6,-9
1998,9,2017,kan,dal,-6,5
1999,9,2017,rai,mia,4,1
2000,9,2017,gnb,det,-6,7
2001,10,2017,crd,sea,-7,-1
2002,10,2017,buf,nor,-13,24
2003,10,2017,chi,gnb,-7,0
2004,10,2017,oti,cin,1,-3
2005,10,2017,cle,det,1,15
2006,10,2017,jax,sdg,-3,-6
2007,10,2017,min,was,15,7
2008,10,2017,clt,pit,-6,-3
2009,10,2017,tam,nyj,-8,-13
2010,10,2017,ram,htx,10,-16
2011,10,2017,dal,atl,-16,4
2012,10,2017,nyg,sfo,-2,8
2013,10,2017,nwe,den,18,-7
2014,10,2017,car,mia,22,-2
2015,11,2017,pit,oti,17,-6
2016,11,2017,det,chi,4,1
2017,11,2017,jax,cle,-4,-16
2018,11,2017,crd,htx,-2,8
2019,11,2017,gnb,rav,-23,0
2020,11,2017,kan,nyg,-14,-11
2021,11,2017,mia,tam,-3,7
2022,11,2017,ram,min,-16,1
2023,11,2017,nor,was,11,8
2024,11,2017,buf,sdg,1,31
2025,11,2017,cin,den,-3,-6
2026,11,2017,nwe,rai,10,-15
2027,11,2017,dal,phi,-14,14
2028,11,2017,atl,sea,11,8
2029,12,2017,min,det,7,0
2030,12,2017,sdg,dal,5,-17
2031,12,2017,nyg,was,-13,-3
2032,12,2017,tam,atl,-3,11
2033,12,2017,kan,buf,-13,-7
2034,12,2017,car,nyj,12,4
2035,12,2017,chi,phi,-20,8
2036,12,2017,cin,cle,7,-7
2037,12,2017,clt,oti,-7,-3
2038,12,2017,mia,nwe,-6,12
2039,12,2017,sea,sfo,1,-10
2040,12,2017,crd,jax,4,1
2041,12,2017,rai,den,-2,-9
2042,12,2017,nor,ram,-3,3
2043,12,2017,gnb,pit,5,8
2044,12,2017,rav,htx,0,-7
2045,13,2017,was,dal,-9,15
2046,13,2017,atl,min,-14,-9
2047,13,2017,nwe,buf,0,-20
2048,13,2017,sfo,chi,-8,-9
2049,13,2017,clt,jax,-13,7
2050,13,2017,den,mia,-14,12
2051,13,2017,det,rav,-3,21
2052,13,2017,tam,gnb,-3,3
2053,13,2017,oti,htx,1,-10
2054,13,2017,nyj,kan,15,8
2055,13,2017,sdg,cle,-4,-13
2056,13,2017,car,nor,-2,8
2057,13,2017,ram,crd,9,-7
2058,13,2017,rai,nyg,1,-6
2059,13,2017,sea,phi,1,-13
2060,13,2017,cin,pit,-3,0
2061,14,2017,nor,atl,-6,-3
2062,14,2017,buf,clt,-10,-16
2063,14,2017,car,min,8,1
2064,14,2017,chi,cin,10,-16
2065,14,2017,cle,gnb,-2,4
2066,14,2017,dal,nyg,7,-13
2067,14,2017,det,tam,1,-2
2068,14,2017,sfo,htx,3,-7
2069,14,2017,kan,rai,3,-8
2070,14,2017,oti,crd,-16,-11
2071,14,2017,nyj,den,-23,0
2072,14,2017,was,sdg,-10,7
2073,14,2017,jax,sea,7,1
2074,14,2017,phi,ram,20,12
2075,14,2017,rav,pit,15,16
2076,14,2017,nwe,mia,-3,4
2077,15,2017,clt,den,-10,2
2078,15,2017,det,chi,-3,-13
2079,15,2017,sdg,kan,-10,7
2080,15,2017,buf,mia,1,-7
2081,15,2017,car,gnb,8,1
2082,15,2017,min,cin,11,-16
2083,15,2017,cle,rav,-13,4
2084,15,2017,was,crd,-3,-8
2085,15,2017,htx,jax,-16,22
2086,15,2017,nor,nyj,8,-4
2087,15,2017,nyg,phi,6,11
2088,15,2017,sea,ram,-16,19
2089,15,2017,nwe,pit,4,1
2090,15,2017,sfo,oti,2,0
2091,15,2017,dal,rai,-3,-6
2092,15,2017,atl,tam,1,-2
2093,16,2017,clt,rav,-7,0
2094,16,2017,gnb,min,-23,-7
2095,16,2017,atl,nor,-10,0
2096,16,2017,buf,nwe,-7,14
2097,16,2017,car,tam,-1,-4
2098,16,2017,chi,cle,-3,-20
2099,16,2017,cin,det,3,-6
2100,16,2017,den,was,-12,4
2101,16,2017,mia,kan,-10,6
2102,16,2017,sdg,nyj,-9,-16
2103,16,2017,ram,oti,4,0
2104,16,2017,sfo,jax,21,10
2105,16,2017,crd,nyg,0,-23
2106,16,2017,sea,dal,-2,-11
2107,16,2017,htx,pit,-17,11
2108,16,2017,phi,rai,-4,-13
2109,17,2017,chi,min,-13,0
2110,17,2017,pit,cle,5,1
2111,17,2017,htx,clt,-10,-1
2112,17,2017,dal,phi,-17,-23
2113,17,2017,gnb,det,-12,12
2114,17,2017,nyj,nwe,-17,3
2115,17,2017,was,nyg,-13,-5
2116,17,2017,car,atl,-13,-1
2117,17,2017,mia,buf,-7,-1
2118,17,2017,rav,cin,4,8
2119,17,2017,sea,crd,1,3
2120,17,2017,den,kan,1,4
2121,17,2017,jax,oti,-13,-8
2122,17,2017,tam,nor,8,1
2123,17,2017,rai,sdg,-13,7
2124,17,2017,ram,sfo,-10,11
2125,WildCard,2017,kan,oti,-2,-1
2126,WildCard,2017,atl,ram,3,-10
2127,WildCard,2017,buf,jax,-20,-13
2128,WildCard,2017,car,nor,3,8
2129,Division,2017,phi,atl,-8,-13
2130,Division,2017,nwe,oti,12,-9
2131,Division,2017,pit,jax,19,22
2132,Division,2017,min,nor,6,1
2133,ConfChamp,2017,nwe,jax,1,-3
2134,ConfChamp,2017,min,phi,-16,15
2135,SuperBowl,2017,nwe,phi,10,18
2136,1,2018,atl,phi,-11,-5
2137,1,2018,buf,rav,-20,24
2138,1,2018,cin,clt,11,0
2139,1,2018,cle,pit,-2,-2
2140,1,2018,nwe,htx,4,-3
2141,1,2018,jax,nyg,-3,-8
2142,1,2018,oti,mia,-3,4
2143,1,2018,min,sfo,1,-7
2144,1,2018,nor,tam,17,25
2145,1,2018,sdg,kan,5,15
2146,1,2018,dal,car,-15,-7
2147,1,2018,was,crd,1,-17
2148,1,2018,den,sea,4,1
2149,1,2018,chi,gnb,0,1
2150,1,2018,nyj,det,25,-6
2151,1,2018,ram,rai,10,-10
2152,2,2018,rav,cin,0,11
2153,2,2018,car,atl,1,8
2154,2,2018,sdg,buf,8,-3
2155,2,2018,cle,nor,-5,-2
2156,2,2018,was,clt,-14,-2
2157,2,2018,gnb,min,6,6
2158,2,2018,oti,htx,-3,-6
2159,2,2018,pit,kan,14,19
2160,2,2018,nyj,mia,-11,-3
2161,2,2018,tam,phi,4,-2
2162,2,2018,ram,crd,11,-23
2163,2,2018,det,sfo,4,7
2164,2,2018,rai,den,-4,-3
2165,2,2018,jax,nwe,8,-3
2166,2,2018,dal,nyg,-3,-10
2167,2,2018,chi,sea,1,-6
2168,3,2018,nyj,cle,-6,-2
2169,3,2018,nor,atl,20,14
2170,3,2018,buf,min,4,-17
2171,3,2018,cin,car,-2,8
2172,3,2018,phi,clt,-3,-7
2173,3,2018,rav,den,4,-9
2174,3,2018,gnb,was,-6,8
2175,3,2018,htx,nyg,-1,4
2176,3,2018,jax,oti,-17,-14
2177,3,2018,kan,sfo,15,4
2178,3,2018,rai,mia,-3,5
2179,3,2018,sdg,ram,0,12
2180,3,2018,chi,crd,-7,-9
2181,3,2018,dal,sea,-10,1
2182,3,2018,nwe,det,-13,3
2183,3,2018,tam,pit,4,7
2184,4,2018,min,ram,8,15
2185,4,2018,atl,cin,13,14
2186,4,2018,gnb,buf,-1,-23
2187,4,2018,chi,tam,25,-13
2188,4,2018,clt,htx,11,14
2189,4,2018,dal,det,3,1
2190,4,2018,jax,nyj,8,-11
2191,4,2018,mia,nwe,-16,15
2192,4,2018,phi,oti,0,3
2193,4,2018,cle,rai,19,22
2194,4,2018,sea,crd,-3,-6
2195,4,2018,nor,nyg,10,-5
2196,4,2018,sdg,sfo,6,4
2197,4,2018,rav,pit,3,-9
2198,4,2018,kan,den,4,0
2199,5,2018,nwe,clt,15,1
2200,5,2018,car,nyg,10,8
2201,5,2018,atl,pit,-6,18
2202,5,2018,buf,oti,-10,-11
2203,5,2018,mia,cin,-6,4
2204,5,2018,cle,rav,-11,-14
2205,5,2018,nyj,den,11,-7
2206,5,2018,det,gnb,8,0
2207,5,2018,kan,jax,7,-9
2208,5,2018,rai,sdg,-13,3
2209,5,2018,sfo,crd,-5,5
2210,5,2018,min,phi,0,-2
2211,5,2018,ram,sea,10,8
2212,5,2018,htx,dal,-4,-7
2213,5,2018,was,nor,-4,20
2214,6,2018,phi,nyg,11,-10
2215,6,2018,car,was,-6,0
2216,6,2018,mia,chi,8,5
2217,6,2018,atl,tam,11,6
2218,6,2018,buf,htx,-10,-3
2219,6,2018,pit,cin,5,-2
2220,6,2018,sdg,cle,15,-9
2221,6,2018,nyj,clt,19,11
2222,6,2018,min,crd,4,-6
2223,6,2018,sea,rai,4,-20
2224,6,2018,ram,den,0,-3
2225,6,2018,dal,jax,17,-16
2226,6,2018,rav,oti,-2,-23
2227,6,2018,nwe,kan,20,17
2228,6,2018,gnb,sfo,10,7
2229,7,2018,crd,den,-13,22
2230,7,2018,oti,sdg,-4,-3
2231,7,2018,car,phi,-2,-6
2232,7,2018,chi,nwe,8,15
2233,7,2018,mia,det,-2,9
2234,7,2018,buf,clt,-18,14
2235,7,2018,cle,tam,0,3
2236,7,2018,jax,htx,-16,-3
2237,7,2018,min,nyj,14,-6
2238,7,2018,rav,nor,0,1
2239,7,2018,dal,was,-6,-3
2240,7,2018,sfo,ram,-13,16
2241,7,2018,kan,cin,22,-13
2242,7,2018,atl,nyg,0,-3
2243,8,2018,mia,htx,0,19
2244,8,2018,jax,phi,-5,1
2245,8,2018,car,rav,13,-2
2246,8,2018,nyj,chi,-13,1
2247,8,2018,sea,det,5,-9
2248,8,2018,cin,tam,14,11
2249,8,2018,cle,pit,-5,10
2250,8,2018,den,kan,0,7
2251,8,2018,nyg,was,-10,-3
2252,8,2018,clt,rai,19,5
2253,8,2018,gnb,ram,4,6
2254,8,2018,crd,sfo,-5,-8
2255,8,2018,nor,min,7,-3
2256,8,2018,nwe,buf,2,-17
2257,9,2018,sfo,rai,11,-20
2258,9,2018,was,atl,-9,15
2259,9,2018,car,tam,19,5
2260,9,2018,det,min,-14,1
2261,9,2018,rav,pit,-7,0
2262,9,2018,buf,chi,-14,18
2263,9,2018,kan,cle,14,-2
2264,9,2018,mia,nyj,-10,-17
2265,9,2018,sea,sdg,-6,2
2266,9,2018,den,htx,-6,-4
2267,9,2018,nor,ram,22,12
2268,9,2018,nwe,gnb,8,-6
2269,9,2018,oti,dal,5,-9
2270,10,2018,car,pit,-2,29
2271,10,2018,cle,atl,5,-7
2272,10,2018,det,chi,-1,11
2273,10,2018,cin,nor,-9,28
2274,10,2018,clt,jax,6,3
2275,10,2018,kan,crd,3,-9
2276,10,2018,tam,was,-20,-7
2277,10,2018,nyj,buf,-13,18
2278,10,2018,oti,nwe,11,-13
2279,10,2018,sdg,rai,-3,-17
2280,10,2018,gnb,mia,8,-11
2281,10,2018,ram,sea,13,8
2282,10,2018,phi,dal,-3,4
2283,10,2018,sfo,nyg,0,4
2284,11,2018,gnb,sea,1,4
2285,11,2018,dal,atl,-1,-4
2286,11,2018,car,det,-4,-3
2287,11,2018,cin,rav,-2,1
2288,11,2018,clt,oti,15,-13
2289,11,2018,was,htx,-2,0
2290,11,2018,jax,pit,-7,-3
2291,11,2018,tam,nyg,12,15
2292,11,2018,rai,crd,0,-2
2293,11,2018,sdg,den,-1,0
2294,11,2018,phi,nor,-16,25
2295,11,2018,chi,min,2,-3
2296,11,2018,ram,kan,31,28
2297,12,2018,det,chi,-7,0
2298,12,2018,was,dal,0,8
2299,12,2018,atl,nor,-6,8
2300,12,2018,buf,jax,1,-2
2301,12,2018,car,sea,4,7
2302,12,2018,cle,cin,12,-3
2303,12,2018,nwe,nyj,4,-10
2304,12,2018,nyg,phi,-1,2
2305,12,2018,rav,rai,11,-6
2306,12,2018,sfo,tam,-14,4
2307,12,2018,sdg,crd,22,-13
2308,12,2018,mia,clt,1,4
2309,12,2018,pit,den,-6,1
2310,12,2018,gnb,min,-6,1
2311,12,2018,htx,oti,11,-6
2312,13,2018,nor,dal,-13,-10
2313,13,2018,atl,rav,-7,3
2314,13,2018,mia,buf,-2,-6
2315,13,2018,car,tam,-6,1
2316,13,2018,nyg,chi,7,4
2317,13,2018,cin,den,-13,1
2318,13,2018,cle,htx,-10,6
2319,13,2018,clt,jax,-23,-17
2320,13,2018,gnb,crd,-6,-3
2321,13,2018,det,ram,-7,7
2322,13,2018,rai,kan,10,17
2323,13,2018,oti,nyj,3,-1
2324,13,2018,nwe,min,1,-13
2325,13,2018,sfo,sea,-7,20
2326,13,2018,sdg,pit,10,7
2327,13,2018,phi,was,5,-10
2328,14,2018,jax,oti,-14,7
2329,14,2018,gnb,atl,11,-3
2330,14,2018,buf,nyj,0,4
2331,14,2018,cle,car,3,-3
2332,14,2018,clt,htx,1,-2
2333,14,2018,rav,kan,1,4
2334,14,2018,mia,nwe,11,10
2335,14,2018,nor,tam,5,-9
2336,14,2018,nyg,was,17,-7
2337,14,2018,sdg,cin,3,-2
2338,14,2018,sfo,den,-3,-9
2339,14,2018,crd,det,-20,-6
2340,14,2018,dal,phi,6,0
2341,14,2018,pit,rai,-2,1
2342,14,2018,ram,chi,-17,-8
2343,14,2018,sea,min,-2,-16
2344,15,2018,sdg,kan,6,5
2345,15,2018,htx,nyj,6,-1
2346,15,2018,cle,den,-6,-7
2347,15,2018,atl,crd,17,-9
2348,15,2018,buf,det,-9,-10
2349,15,2018,gnb,chi,-6,1
2350,15,2018,rai,cin,-7,7
2351,15,2018,dal,clt,-23,0
2352,15,2018,was,jax,-7,-10
2353,15,2018,mia,min,-6,18
2354,15,2018,oti,nyg,-6,-23
2355,15,2018,rav,tam,-3,-11
2356,15,2018,sea,sfo,0,3
2357,15,2018,nwe,pit,-13,-6
2358,15,2018,phi,ram,7,0
2359,15,2018,car,nor,-14,-11
2360,16,2018,was,oti,-7,2
2361,16,2018,sdg,rav,-13,-1
2362,16,2018,atl,car,1,-13
2363,16,2018,nwe,buf,1,-11
2364,16,2018,cin,cle,-5,3
2365,16,2018,clt,nyg,5,4
2366,16,2018,dal,tam,4,-3
2367,16,2018,det,min,-14,4
2368,16,2018,gnb,nyj,21,15
2369,16,2018,phi,htx,9,7
2370,16,2018,mia,jax,-16,-6
2371,16,2018,chi,sfo,-9,-14
2372,16,2018,crd,ram,-14,8
2373,16,2018,nor,pit,8,5
2374,16,2018,kan,sea,8,15
2375,16,2018,den,rai,-9,4
2376,17,2018,tam,atl,9,11
2377,17,2018,buf,mia,19,-6
2378,17,2018,car,nor,10,-9
2379,17,2018,dal,nyg,13,12
2380,17,2018,gnb,det,-23,8
2381,17,2018,htx,jax,-3,-20
2382,17,2018,nwe,nyj,15,-20
2383,17,2018,chi,min,1,-13
2384,17,2018,pit,cin,-7,-10
2385,17,2018,rav,cle,3,1
2386,17,2018,sea,crd,4,1
2387,17,2018,den,sdg,-14,0
2388,17,2018,kan,rai,12,-20
2389,17,2018,phi,was,1,-23
2390,17,2018,sfo,ram,9,25
2391,17,2018,clt,oti,10,-6
2392,WildCard,2018,clt,htx,-2,-16
2393,WildCard,2018,dal,sea,1,-1
2394,WildCard,2018,sdg,rav,0,-6
2395,WildCard,2018,phi,chi,-7,-8
2396,Division,2018,clt,kan,-10,8
2397,Division,2018,ram,dal,7,-1
2398,Division,2018,sdg,nwe,5,18
2399,Division,2018,phi,nor,-9,-3
2400,ConfChamp,2018,nor,ram,0,3
2401,ConfChamp,2018,kan,nwe,8,14
2402,SuperBowl,2018,ram,nwe,-20,-10
2403,1,2019,gnb,chi,-13,-20
2404,1,2019,atl,min,-11,5
2405,1,2019,nyj,buf,-7,-6
2406,1,2019,car,ram,4,7
2407,1,2019,cle,oti,-10,20
2408,1,2019,jax,kan,3,17
2409,1,2019,rav,mia,36,-13
2410,1,2019,was,phi,4,9
2411,1,2019,sea,cin,-2,-3
2412,1,2019,sdg,clt,7,1
2413,1,2019,det,crd,4,4
2414,1,2019,nyg,dal,-6,12
2415,1,2019,sfo,tam,8,-6
2416,1,2019,pit,nwe,-20,10
2417,1,2019,nor,htx,7,5
2418,1,2019,den,rai,-7,1
2419,2,2019,tam,car,-3,-9
2420,2,2019,buf,nyg,5,-9
2421,2,2019,sfo,cin,18,-6
2422,2,2019,oti,clt,-6,-4
2423,2,2019,crd,rav,-6,0
2424,2,2019,dal,was,8,-2
2425,2,2019,sdg,det,-13,-10
2426,2,2019,gnb,min,-2,-7
2427,2,2019,htx,jax,-10,-11
2428,2,2019,nwe,mia,20,-23
2429,2,2019,pit,sea,3,5
2430,2,2019,kan,rai,5,-13
2431,2,2019,chi,den,-7,-9
2432,2,2019,nor,ram,-14,4
2433,2,2019,atl,phi,1,-3
2434,2,2019,nyj,cle,-20,0
2435,3,2019,jax,oti,-3,-16
2436,3,2019,clt,atl,4,1
2437,3,2019,cin,buf,-6,-2
2438,3,2019,mia,dal,-17,8
2439,3,2019,den,gnb,-7,4
2440,3,2019,phi,det,1,4
2441,3,2019,kan,rav,10,5
2442,3,2019,rai,min,-9,11
2443,3,2019,nwe,nyj,7,-9
2444,3,2019,car,crd,15,-3
2445,3,2019,tam,nyg,8,9
2446,3,2019,htx,sdg,4,-3
2447,3,2019,sea,nor,4,10
2448,3,2019,pit,sfo,-3,1
2449,3,2019,ram,cle,-3,-10
2450,3,2019,chi,was,8,-8
2451,4,2019,gnb,phi,4,11
2452,4,2019,atl,oti,-13,1
2453,4,2019,nwe,buf,-7,-13
2454,4,2019,htx,car,-13,-7
2455,4,2019,rav,cle,2,17
2456,4,2019,clt,rai,1,8
2457,4,2019,kan,det,11,7
2458,4,2019,mia,sdg,-13,7
2459,4,2019,was,nyg,-20,1
2460,4,2019,sea,crd,4,-13
2461,4,2019,tam,ram,32,17
2462,4,2019,min,chi,-17,-7
2463,4,2019,jax,den,3,1
2464,4,2019,nor,dal,-11,-13
2465,4,2019,cin,pit,-20,4
2466,5,2019,ram,sea,6,7
2467,5,2019,nyj,phi,-17,8
2468,5,2019,htx,atl,30,9
2469,5,2019,oti,buf,-16,-9
2470,5,2019,jax,car,4,11
2471,5,2019,rai,chi,1,-2
2472,5,2019,cin,crd,0,3
2473,5,2019,min,nyg,5,-13
2474,5,2019,tam,nor,1,8
2475,5,2019,nwe,was,10,-16
2476,5,2019,pit,rav,0,3
2477,5,2019,sdg,den,-10,-3
2478,5,2019,dal,gnb,1,11
2479,5,2019,kan,clt,-10,-4
2480,5,2019,sfo,cle,8,-20
2481,6,2019,nwe,nyg,12,-9
2482,6,2019,tam,car,3,14
2483,6,2019,was,mia,-6,-7
2484,6,2019,cin,rav,-6,0
2485,6,2019,sea,cle,9,5
2486,6,2019,kan,htx,1,8
2487,6,2019,nor,jax,-10,-17
2488,6,2019,min,phi,15,-3
2489,6,2019,atl,crd,10,11
2490,6,2019,sfo,ram,-3,-16
2491,6,2019,nyj,dal,1,-1
2492,6,2019,oti,den,-23,-7
2493,6,2019,sdg,pit,-6,1
2494,6,2019,det,gnb,-1,0
2495,7,2019,den,kan,-17,7
2496,7,2019,buf,mia,8,-2
2497,7,2019,htx,clt,0,7
2498,7,2019,det,min,7,19
2499,7,2019,was,sfo,-23,-14
2500,7,2019,atl,ram,-13,14
2501,7,2019,cin,jax,-6,4
2502,7,2019,nyg,crd,-2,4
2503,7,2019,gnb,rai,19,1
2504,7,2019,oti,sdg,0,-3
2505,7,2019,chi,nor,2,13
2506,7,2019,rav,sea,7,-7
2507,7,2019,phi,dal,-13,14
2508,7,2019,nyj,nwe,-23,10
2509,8,2019,min,was,-4,-14
2510,8,2019,buf,phi,-10,8
2511,8,2019,sdg,chi,-6,-7
2512,8,2019,den,clt,-10,-8
2513,8,2019,nyg,det,3,8
2514,8,2019,atl,sea,-3,4
2515,8,2019,cin,ram,-13,1
2516,8,2019,crd,nor,-14,8
2517,8,2019,jax,nyj,6,-8
2518,8,2019,oti,tam,4,0
2519,8,2019,car,sfo,-10,28
2520,8,2019,cle,nwe,-10,4
2521,8,2019,rai,htx,1,4
2522,8,2019,kan,gnb,1,8
2523,8,2019,mia,pit,-9,4
2524,9,2019,sfo,crd,5,2
2525,9,2019,jax,htx,-20,3
2526,9,2019,buf,was,1,-14
2527,9,2019,car,oti,7,-3
2528,9,2019,phi,chi,-1,-9
2529,9,2019,clt,pit,1,3
2530,9,2019,nyj,mia,-5,3
2531,9,2019,min,kan,0,3
2532,9,2019,det,rai,1,8
2533,9,2019,tam,sea,11,17
2534,9,2019,den,cle,1,-4
2535,9,2019,sdg,gnb,3,-12
2536,9,2019,rav,nwe,14,-3
2537,9,2019,nyg,dal,-5,14
2538,10,2019,sdg,rai,1,3
2539,10,2019,atl,nor,3,-14
2540,10,2019,buf,cle,-7,-4
2541,10,2019,det,chi,-10,-3
2542,10,2019,cin,rav,-10,26
2543,10,2019,tam,crd,7,4
2544,10,2019,oti,kan,12,9
2545,10,2019,nyj,nyg,11,4
2546,10,2019,mia,clt,-7,-11
2547,10,2019,car,gnb,-7,1
2548,10,2019,ram,pit,-11,-6
2549,10,2019,dal,min,1,5
2550,10,2019,sea,sfo,4,1
2551,11,2019,cle,pit,-2,-16
2552,11,2019,atl,car,6,-20
2553,11,2019,mia,buf,-3,14
2554,11,2019,clt,jax,10,-10
2555,11,2019,dal,det,12,4
2556,11,2019,min,den,4,0
2557,11,2019,htx,rav,-16,18
2558,11,2019,tam,nor,-6,11
2559,11,2019,was,nyj,-6,11
2560,11,2019,sfo,crd,13,3
2561,11,2019,rai,cin,-6,-13
2562,11,2019,phi,nwe,-13,-6
2563,11,2019,chi,ram,-16,-6
2564,11,2019,sdg,kan,-6,1
2565,12,2019,clt,htx,-6,-3
2566,12,2019,tam,atl,12,-1
2567,12,2019,den,buf,-20,-3
2568,12,2019,car,nor,8,11
2569,12,2019,nyg,chi,-9,-4
2570,12,2019,cin,pit,-13,-7
2571,12,2019,cle,mia,18,1
2572,12,2019,was,det,-4,-7
2573,12,2019,rai,nyj,-20,11
2574,12,2019,sea,phi,-6,-14
2575,12,2019,jax,oti,-3,19
2576,12,2019,nwe,dal,-10,-14
2577,12,2019,gnb,sfo,-15,14
2578,12,2019,ram,rav,-17,22
2579,13,2019,det,chi,-3,1
2580,13,2019,buf,dal,3,-8
2581,13,2019,nor,atl,3,-5
2582,13,2019,car,was,-2,6
2583,13,2019,nyj,cin,-17,-1
2584,13,2019,cle,pit,-10,-3
2585,13,2019,clt,oti,-6,8
2586,13,2019,nyg,gnb,-10,8
2587,13,2019,jax,tam,-12,5
2588,13,2019,phi,mia,8,14
2589,13,2019,sfo,rav,-6,-3
2590,13,2019,ram,crd,11,-16
2591,13,2019,sdg,den,-3,0
2592,13,2019,rai,kan,-14,17
2593,13,2019,nwe,htx,-1,5
2594,13,2019,sea,min,14,7
2595,14,2019,chi,dal,8,1
2596,14,2019,atl,car,17,-3
2597,14,2019,rav,buf,1,-6
2598,14,2019,cin,cle,-4,4
2599,14,2019,tam,clt,15,12
2600,14,2019,den,htx,15,1
2601,14,2019,min,det,-3,-16
2602,14,2019,was,gnb,-8,-3
2603,14,2019,mia,nyj,-2,-1
2604,14,2019,nor,sfo,23,25
2605,14,2019,sdg,jax,22,-13
2606,14,2019,pit,crd,0,-6
2607,14,2019,nwe,kan,-7,0
2608,14,2019,oti,rai,19,-2
2609,14,2019,ram,sea,5,-11
2610,14,2019,phi,nyg,0,-6
2611,15,2019,nyj,rav,-2,19
2612,15,2019,sea,car,7,1
2613,15,2019,chi,gnb,-10,-2
2614,15,2019,cin,nwe,-10,11
2615,15,2019,kan,den,0,-20
2616,15,2019,det,tam,-6,15
2617,15,2019,oti,htx,-2,1
2618,15,2019,nyg,mia,13,-3
2619,15,2019,was,phi,4,14
2620,15,2019,crd,cle,15,1
2621,15,2019,jax,rai,-3,-7
2622,15,2019,sdg,min,-13,16
2623,15,2019,sfo,atl,-1,6
2624,15,2019,ram,dal,-2,21
2625,15,2019,buf,pit,-6,-13
2626,15,2019,clt,nor,-16,11
2627,16,2019,tam,htx,-3,0
2628,16,2019,buf,nwe,-6,1
2629,16,2019,ram,sfo,8,11
2630,16,2019,atl,jax,1,-11
2631,16,2019,clt,car,15,-17
2632,16,2019,mia,cin,15,12
2633,16,2019,rav,cle,8,-8
2634,16,2019,oti,nor,5,15
2635,16,2019,was,nyg,12,18
2636,16,2019,nyj,pit,-7,-13
2637,16,2019,den,det,4,-6
2638,16,2019,rai,sdg,1,-6
2639,16,2019,crd,sea,4,-10
2640,16,2019,dal,phi,-14,-6
2641,16,2019,kan,chi,3,-20
2642,16,2019,min,gnb,-13,0
2643,17,2019,tam,atl,-1,5
2644,17,2019,buf,nyj,-17,-10
2645,17,2019,car,nor,-13,19
2646,17,2019,min,chi,-4,-2
2647,17,2019,cle,cin,0,10
2648,17,2019,det,gnb,-3,0
2649,17,2019,sdg,kan,-2,8
2650,17,2019,mia,nwe,4,1
2651,17,2019,jax,clt,15,-3
2652,17,2019,crd,ram,1,8
2653,17,2019,was,dal,-7,24
2654,17,2019,rai,den,-8,-7
2655,17,2019,oti,htx,12,-9
2656,17,2019,nyg,phi,-6,11
2657,17,2019,rav,pit,5,-13
2658,17,2019,sea,sfo,-2,3
2659,WildCard,2019,buf,htx,-4,-1
2660,WildCard,2019,nwe,oti,-10,-3
2661,WildCard,2019,nor,min,-3,3
2662,WildCard,2019,phi,sea,-14,-6
2663,Division,2019,sfo,min,4,-13
2664,Division,2019,oti,rav,5,-11
2665,Division,2019,htx,kan,8,28
2666,Division,2019,sea,gnb,0,5
2667,ConfChamp,2019,oti,kan,1,12
2668,ConfChamp,2019,sfo,gnb,14,-3
2669,SuperBowl,2019,sfo,kan,-3,8
2670,1,2020,htx,kan,-3,11
2671,1,2020,atl,sea,2,15
2672,1,2020,nyj,buf,-6,4
2673,1,2020,car,rai,7,11
2674,1,2020,det,chi,0,4
2675,1,2020,cle,rav,-17,15
2676,1,2020,clt,jax,-3,4
2677,1,2020,min,gnb,11,20
2678,1,2020,mia,nwe,-12,-2
2679,1,2020,was,phi,4,-6
2680,1,2020,sdg,cin,-7,-10
2681,1,2020,sfo,crd,-3,1
2682,1,2020,tam,nor,0,11
2683,1,2020,ram,dal,-3,-6
2684,1,2020,nyg,pit,-7,3
2685,1,2020,den,oti,-9,-7
2686,2,2020,cle,cin,12,7
2687,2,2020,dal,atl,17,16
2688,2,2020,buf,mia,8,5
2689,2,2020,tam,car,8,-6
2690,2,2020,chi,nyg,-6,-10
2691,2,2020,clt,min,5,-12
2692,2,2020,den,pit,-2,3
2693,2,2020,gnb,det,19,-2
2694,2,2020,oti,jax,10,7
2695,2,2020,nyj,sfo,-10,8
2696,2,2020,phi,ram,-4,14
2697,2,2020,crd,was,7,-8
2698,2,2020,rav,htx,10,-7
2699,2,2020,kan,sdg,0,-3
2700,2,2020,sea,nwe,12,7
2701,2,2020,nor,rai,1,11
2702,3,2020,jax,mia,-10,8
2703,3,2020,atl,chi,3,7
2704,3,2020,buf,ram,12,9
2705,3,2020,cin,phi,0,0
2706,3,2020,was,cle,-3,11
2707,3,2020,pit,htx,5,-2
2708,3,2020,oti,min,8,7
2709,3,2020,rai,nwe,-3,13
2710,3,2020,sfo,nyg,13,-14
2711,3,2020,sdg,car,-7,-2
2712,3,2020,clt,nyj,13,-16
2713,3,2020,crd,det,0,3
2714,3,2020,sea,dal,15,8
2715,3,2020,den,tam,-13,5
2716,3,2020,gnb,nor,14,7
2717,3,2020,kan,rav,11,-3
2718,4,2020,den,nyj,14,5
2719,4,2020,crd,car,-2,8
2720,4,2020,chi,clt,-12,-4
2721,4,2020,cin,jax,10,2
2722,4,2020,cle,dal,26,15
2723,4,2020,det,nor,6,12
2724,4,2020,htx,min,0,8
2725,4,2020,sea,mia,8,0
2726,4,2020,was,rav,-6,8
2727,4,2020,tam,sdg,15,8
2728,4,2020,ram,nyg,-6,-14
2729,4,2020,rai,buf,0,7
2730,4,2020,sfo,phi,-3,2
2731,4,2020,kan,nwe,3,-13
2732,4,2020,gnb,atl,7,-7
2733,5,2020,chi,tam,-3,-4
2734,5,2020,atl,car,-7,0
2735,5,2020,rav,cin,4,-20
2736,5,2020,crd,nyj,7,-13
2737,5,2020,htx,jax,7,-9
2738,5,2020,rai,kan,17,9
2739,5,2020,phi,pit,6,15
2740,5,2020,was,ram,-13,7
2741,5,2020,sfo,mia,-6,20
2742,5,2020,cle,clt,9,0
2743,5,2020,dal,nyg,14,11
2744,5,2020,sea,min,4,3
2745,5,2020,nor,sdg,7,4
2746,5,2020,oti,buf,19,-7
2747,6,2020,nwe,den,-11,-5
2748,6,2020,det,jax,11,-7
2749,6,2020,atl,min,17,0
2750,6,2020,chi,car,0,-7
2751,6,2020,cin,clt,4,8
2752,6,2020,pit,cle,15,-16
2753,6,2020,htx,oti,13,19
2754,6,2020,was,nyg,-4,-3
2755,6,2020,rav,phi,7,5
2756,6,2020,mia,nyj,1,-23
2757,6,2020,gnb,tam,-13,15
2758,6,2020,ram,sfo,-7,1
2759,6,2020,buf,kan,-6,3
2760,6,2020,dal,crd,-13,15
2761,7,2020,nyg,phi,-2,-1
2762,7,2020,htx,gnb,-3,12
2763,7,2020,pit,oti,4,1
2764,7,2020,atl,det,-1,0
2765,7,2020,nyj,buf,-13,-5
2766,7,2020,car,nor,1,4
2767,7,2020,cle,cin,14,11
2768,7,2020,dal,was,-20,2
2769,7,2020,tam,rai,22,-3
2770,7,2020,kan,den,20,-7
2771,7,2020,sfo,nwe,10,-17
2772,7,2020,sdg,jax,16,6
2773,7,2020,sea,crd,11,14
2774,7,2020,ram,chi,1,-13
2775,8,2020,car,atl,-6,2
2776,8,2020,clt,det,18,-2
2777,8,2020,min,gnb,5,-1
2778,8,2020,mia,ram,5,-6
2779,8,2020,pit,rav,5,1
2780,8,2020,nwe,buf,-2,1
2781,8,2020,oti,cin,-3,8
2782,8,2020,rai,cle,-7,-17
2783,8,2020,kan,nyj,12,-14
2784,8,2020,sdg,den,7,8
2785,8,2020,sfo,sea,4,14
2786,8,2020,chi,nor,0,3
2787,8,2020,dal,phi,-14,0
2788,8,2020,tam,nyg,2,0
2789,9,2020,sfo,gnb,-6,11
2790,9,2020,rav,clt,1,-13
2791,9,2020,min,det,11,-3
2792,9,2020,jax,htx,2,4
2793,9,2020,den,atl,4,11
2794,9,2020,sea,buf,11,21
2795,9,2020,kan,car,10,8
2796,9,2020,oti,chi,1,-6
2797,9,2020,nyg,was,0,-3
2798,9,2020,rai,sdg,8,3
2799,9,2020,crd,mia,8,11
2800,9,2020,pit,dal,1,-4
2801,9,2020,nor,tam,15,-20
2802,9,2020,nwe,nyj,7,4
2803,10,2020,oti,clt,-6,11
2804,10,2020,cle,htx,-13,-16
2805,10,2020,det,was,7,4
2806,10,2020,gnb,jax,1,-3
2807,10,2020,car,tam,0,23
2808,10,2020,nyg,phi,4,-6
2809,10,2020,den,rai,-11,14
2810,10,2020,sdg,mia,-2,6
2811,10,2020,crd,buf,9,7
2812,10,2020,pit,cin,13,-13
2813,10,2020,nor,sfo,4,-10
2814,10,2020,ram,sea,0,-7
2815,10,2020,nwe,rav,0,-6
2816,10,2020,chi,min,-10,-4
2817,11,2020,crd,sea,-2,5
2818,11,2020,nor,atl,1,-14
2819,11,2020,was,cin,-3,-14
2820,11,2020,phi,cle,-6,-1
2821,11,2020,htx,nwe,4,-3
2822,11,2020,jax,pit,-20,4
2823,11,2020,rav,oti,1,7
2824,11,2020,det,car,-23,-3
2825,11,2020,mia,den,-10,-3
2826,11,2020,nyj,sdg,5,11
2827,11,2020,clt,gnb,11,8
2828,11,2020,dal,min,8,5
2829,11,2020,rai,kan,8,12
2830,11,2020,ram,tam,4,1
2831,12,2020,det,htx,2,18
2832,12,2020,was,dal,18,-7
2833,12,2020,rai,atl,-17,20
2834,12,2020,buf,sdg,4,-6
2835,12,2020,nyg,cin,-4,-6
2836,12,2020,jax,cle,2,4
2837,12,2020,clt,oti,3,22
2838,12,2020,crd,nwe,-6,-3
2839,12,2020,mia,nyj,-3,-20
2840,12,2020,min,car,5,4
2841,12,2020,den,nor,-20,8
2842,12,2020,sfo,ram,0,-3
2843,12,2020,kan,tam,4,1
2844,12,2020,chi,gnb,2,18
2845,12,2020,sea,phi,0,-6
2846,12,2020,rav,pit,-9,-4
2847,13,2020,atl,nor,-7,-2
2848,13,2020,chi,det,7,11
2849,13,2020,cin,mia,-16,-4
2850,13,2020,cle,oti,18,12
2851,13,2020,htx,clt,-3,3
2852,13,2020,jax,min,1,4
2853,13,2020,rai,nyj,8,5
2854,13,2020,crd,ram,5,15
2855,13,2020,nyg,sea,-6,-11
2856,13,2020,gnb,phi,7,-7
2857,13,2020,sdg,nwe,-23,22
2858,13,2020,den,kan,-7,-1
2859,13,2020,was,pit,0,-6
2860,13,2020,buf,sfo,11,1
2861,13,2020,rav,dal,11,-6
2862,14,2020,nwe,ram,-20,1
2863,14,2020,den,car,9,4
2864,14,2020,chi,htx,13,-16
2865,14,2020,dal,cin,7,-16
2866,14,2020,nyg,crd,-16,3
2867,14,2020,jax,oti,-13,8
2868,14,2020,kan,mia,10,4
2869,14,2020,tam,min,3,-9
2870,14,2020,clt,rai,21,4
2871,14,2020,nyj,sea,-20,17
2872,14,2020,atl,sdg,-6,-3
2873,14,2020,gnb,det,8,1
2874,14,2020,phi,nor,1,-2
2875,14,2020,sfo,was,-8,0
2876,14,2020,pit,buf,-8,3
2877,14,2020,rav,cle,24,19
2878,15,2020,sdg,rai,7,4
2879,15,2020,den,buf,-4,25
2880,15,2020,car,gnb,-7,1
2881,15,2020,tam,atl,8,4
2882,15,2020,min,chi,4,10
2883,15,2020,htx,clt,-3,4
2884,15,2020,dal,sfo,18,10
2885,15,2020,det,oti,2,23
2886,15,2020,jax,rav,-9,17
2887,15,2020,mia,nwe,-1,-11
2888,15,2020,sea,was,-3,-8
2889,15,2020,phi,crd,3,10
2890,15,2020,ram,nyj,-3,0
2891,15,2020,kan,nor,9,6
2892,15,2020,nyg,cle,-17,-3
2893,15,2020,cin,pit,4,-6
2894,16,2020,min,nor,10,29
2895,16,2020,det,tam,-16,24
2896,16,2020,sfo,crd,-3,-11
2897,16,2020,mia,rai,3,2
2898,16,2020,kan,atl,-6,-9
2899,16,2020,chi,jax,18,-6
2900,16,2020,cin,htx,14,8
2901,16,2020,nyj,cle,0,-7
2902,16,2020,pit,clt,5,1
2903,16,2020,nyg,rav,-10,4
2904,16,2020,car,was,-3,-10
2905,16,2020,den,sdg,-7,-4
2906,16,2020,phi,dal,-6,14
2907,16,2020,ram,sea,-14,-3
2908,16,2020,gnb,oti,17,-9
2909,16,2020,buf,nwe,15,-14
2910,17,2020,atl,tam,4,21
2911,17,2020,mia,buf,3,33
2912,17,2020,cin,rav,-20,15
2913,17,2020,pit,cle,-1,1
2914,17,2020,dal,nyg,-4,0
2915,17,2020,det,min,12,14
2916,17,2020,nyj,nwe,-9,5
2917,17,2020,car,nor,-16,10
2918,17,2020,chi,gnb,-7,12
2919,17,2020,jax,clt,-9,5
2920,17,2020,crd,ram,-16,-5
2921,17,2020,den,rai,8,9
2922,17,2020,oti,htx,18,15
2923,17,2020,sdg,kan,15,-2
2924,17,2020,sfo,sea,0,3
2925,17,2020,was,phi,-3,-9
2926,WildCard,2020,clt,buf,1,4
2927,WildCard,2020,ram,sea,7,-3
2928,WildCard,2020,was,tam,0,8
2929,WildCard,2020,rav,oti,-3,-10
2930,WildCard,2020,nor,chi,-2,-14
2931,WildCard,2020,pit,cle,14,25
2932,Division,2020,ram,gnb,-5,9
2933,Division,2020,rav,buf,-20,-6
2934,Division,2020,kan,cle,-1,-6
2935,Division,2020,tam,nor,7,-3
2936,ConfChamp,2020,gnb,tam,3,8
2937,ConfChamp,2020,buf,kan,1,15
2938,SuperBowl,2020,kan,tam,-14,8
2939,1,2021,tam,dal,8,6
2940,1,2021,phi,atl,9,-17
2941,1,2021,buf,pit,-7,0
2942,1,2021,car,nyj,-4,-9
2943,1,2021,min,cin,1,4
2944,1,2021,clt,sea,-7,5
2945,1,2021,oti,crd,-10,15
2946,1,2021,det,sfo,10,18
2947,1,2021,jax,htx,-2,14
2948,1,2021,was,sdg,-7,-3
2949,1,2021,cle,kan,6,10
2950,1,2021,nyg,den,-10,4
2951,1,2021,nor,gnb,15,-20
2952,1,2021,mia,nwe,-6,-7
2953,1,2021,chi,ram,-9,11
2954,1,2021,rav,rai,4,10
2955,2,2021,was,nyg,7,6
2956,2,2021,mia,buf,-23,12
2957,2,2021,nor,car,-16,3
2958,2,2021,chi,cin,-3,-6
2959,2,2021,htx,cle,-2,8
2960,2,2021,clt,ram,1,4
2961,2,2021,jax,den,-10,0
2962,2,2021,nyj,nwe,-17,2
2963,2,2021,phi,sfo,-12,-6
2964,2,2021,pit,rai,-6,3
2965,2,2021,atl,tam,2,25
2966,2,2021,min,crd,10,11
2967,2,2021,sdg,dal,-6,-3
2968,2,2021,sea,oti,7,10
2969,2,2021,kan,rav,12,13
2970,2,2021,det,gnb,-6,12
2971,3,2021,car,htx,1,-14
2972,3,2021,atl,nyg,-6,-9
2973,3,2021,buf,was,20,-2
2974,3,2021,chi,cle,-17,3
2975,3,2021,cin,pit,1,-13
2976,3,2021,oti,clt,2,-7
2977,3,2021,crd,jax,8,-4
2978,3,2021,rav,det,-4,-6
2979,3,2021,sdg,kan,7,1
2980,3,2021,nor,nwe,5,-10
2981,3,2021,nyj,den,-23,3
2982,3,2021,rai,mia,8,5
2983,3,2021,sea,min,-6,7
2984,3,2021,ram,tam,11,1
2985,3,2021,sfo,gnb,5,7
2986,3,2021,dal,phi,18,-2
2987,4,2021,jax,cin,-2,1
2988,4,2021,was,atl,11,7
2989,4,2021,htx,buf,-23,17
2990,4,2021,dal,car,13,5
2991,4,2021,chi,det,1,-9
2992,4,2021,cle,min,-9,-16
2993,4,2021,clt,mia,4,-6
2994,4,2021,phi,kan,7,19
2995,4,2021,nor,nyg,-2,4
2996,4,2021,oti,nyj,1,4
2997,4,2021,ram,crd,-3,14
2998,4,2021,sfo,sea,-2,5
2999,4,2021,rav,den,0,-16
3000,4,2021,pit,gnb,-6,4
3001,4,2021,tam,nwe,-4,-6
3002,4,2021,rai,sdg,-9,5
3003,5,2021,ram,sea,3,-6
3004,5,2021,nyj,atl,-3,4
3005,5,2021,phi,car,-2,-5
3006,5,2021,cin,gnb,-1,2
3007,5,2021,den,pit,-4,4
3008,5,2021,det,min,-6,-4
3009,5,2021,nwe,htx,2,-1
3010,5,2021,oti,jax,14,-4
3011,5,2021,tam,mia,22,-6
3012,5,2021,was,nor,-1,10
3013,5,2021,chi,rai,-3,-14
3014,5,2021,sdg,cle,24,19
3015,5,2021,sfo,crd,-13,-6
3016,5,2021,dal,nyg,21,-3
3017,5,2021,buf,kan,15,-3
3018,5,2021,clt,rav,2,8
3019,6,2021,phi,tam,-1,5
3020,6,2021,mia,jax,-3,0
3021,6,2021,min,car,11,5
3022,6,2021,gnb,chi,1,-9
3023,6,2021,cin,det,11,-12
3024,6,2021,clt,htx,8,-20
3025,6,2021,kan,was,8,-10
3026,6,2021,ram,nyg,15,-12
3027,6,2021,rav,sdg,11,-17
3028,6,2021,cle,crd,-9,14
3029,6,2021,nwe,dal,6,12
3030,6,2021,rai,den,11,1
3031,6,2021,pit,sea,0,-3
3032,6,2021,oti,buf,11,8
3033,7,2021,cle,den,-6,-9
3034,7,2021,atl,mia,7,5
3035,7,2021,car,nyg,-20,2
3036,7,2021,rav,cin,-6,18
3037,7,2021,was,gnb,-13,1
3038,7,2021,oti,kan,4,-20
3039,7,2021,nwe,nyj,31,-10
3040,7,2021,ram,det,5,-4
3041,7,2021,rai,phi,10,-1
3042,7,2021,chi,tam,-20,15
3043,7,2021,htx,crd,-18,8
3044,7,2021,clt,sfo,7,-5
3045,7,2021,sea,nor,-13,-10
3046,8,2021,crd,gnb,-2,1
3047,8,2021,car,atl,-4,-10
3048,8,2021,mia,buf,-12,3
3049,8,2021,chi,sfo,-1,10
3050,8,2021,nyj,cin,11,8
3051,8,2021,pit,cle,-8,-13
3052,8,2021,oti,clt,11,8
3053,8,2021,det,phi,-17,21
3054,8,2021,ram,htx,15,-1
3055,8,2021,sea,jax,8,-16
3056,8,2021,nwe,sdg,4,1
3057,8,2021,tam,nor,4,13
3058,8,2021,den,was,-6,-13
3059,8,2021,dal,min,-3,-7
3060,8,2021,nyg,kan,-6,-3
3061,9,2021,clt,nyj,22,7
3062,9,2021,nor,atl,2,4
3063,9,2021,jax,buf,-14,-17
3064,9,2021,den,dal,7,-7
3065,9,2021,rav,min,11,8
3066,9,2021,nwe,car,1,-17
3067,9,2021,cle,cin,18,-7
3068,9,2021,mia,htx,-6,-14
3069,9,2021,rai,nyg,-7,0
3070,9,2021,sdg,phi,4,1
3071,9,2021,crd,sfo,8,-6
3072,9,2021,gnb,kan,-16,-10
3073,9,2021,oti,ram,5,-7
3074,9,2021,chi,pit,4,6
3075,10,2021,mia,rav,-1,-13
3076,10,2021,atl,dal,-20,20
3077,10,2021,nyj,buf,-6,22
3078,10,2021,det,pit,-7,-7
3079,10,2021,oti,nor,0,-2
3080,10,2021,tam,was,-4,6
3081,10,2021,cle,nwe,-16,22
3082,10,2021,clt,jax,0,-6
3083,10,2021,min,sdg,4,-3
3084,10,2021,car,crd,11,-13
3085,10,2021,phi,den,7,-10
3086,10,2021,gnb,sea,-6,-23
3087,10,2021,rai,kan,-9,18
3088,10,2021,ram,sfo,-13,8
3089,11,2021,atl,nwe,-23,2
3090,11,2021,clt,buf,18,-8
3091,11,2021,chi,rav,-10,-7
3092,11,2021,oti,htx,-10,-1
3093,11,2021,sfo,jax,7,-13
3094,11,2021,phi,nor,17,6
3095,11,2021,car,was,-2,4
3096,11,2021,cle,det,-10,-13
3097,11,2021,gnb,min,8,11
3098,11,2021,mia,nyj,1,-6
3099,11,2021,cin,rai,9,-10
3100,11,2021,kan,dal,-4,-14
3101,11,2021,crd,sea,0,-10
3102,11,2021,pit,sdg,14,18
3103,11,2021,nyg,tam,-13,7
3104,12,2021,det,chi,-9,-7
3105,12,2021,rai,dal,13,10
3106,12,2021,buf,nor,8,-17
3107,12,2021,atl,jax,-2,-9
3108,12,2021,cin,pit,18,-13
3109,12,2021,nyj,htx,-2,-9
3110,12,2021,phi,nyg,-16,-10
3111,12,2021,mia,car,10,-13
3112,12,2021,tam,clt,15,8
3113,12,2021,nwe,oti,13,-10
3114,12,2021,sdg,den,-10,5
3115,12,2021,sfo,min,11,3
3116,12,2021,ram,gnb,5,13
3117,12,2021,rav,cle,-7,-13
3118,12,2021,sea,was,-8,-6
3119,13,2021,dal,nor,4,-6
3120,13,2021,tam,atl,7,-6
3121,13,2021,chi,crd,-1,10
3122,13,2021,cin,sdg,-1,18
3123,13,2021,det,min,6,4
3124,13,2021,phi,nyj,10,-5
3125,13,2021,clt,htx,8,-23
3126,13,2021,mia,nyg,-3,-14
3127,13,2021,sea,sfo,7,0
3128,13,2021,was,rai,-6,-8
3129,13,2021,ram,jax,14,-16
3130,13,2021,rav,pit,-4,-3
3131,13,2021,kan,den,-1,-14
3132,13,2021,nwe,buf,-9,-13
3133,14,2021,min,pit,13,5
3134,14,2021,car,atl,-2,6
3135,14,2021,cin,sfo,0,3
3136,14,2021,cle,rav,1,-1
3137,14,2021,was,dal,-3,4
3138,14,2021,htx,sea,-10,10
3139,14,2021,jax,oti,-23,-3
3140,14,2021,kan,rai,25,-14
3141,14,2021,nyj,nor,-14,7
3142,14,2021,den,det,15,-13
3143,14,2021,sdg,nyg,14,-2
3144,14,2021,buf,tam,4,10
3145,14,2021,gnb,chi,22,7
3146,14,2021,crd,ram,0,7
3147,15,2021,kan,sdg,11,5
3148,15,2021,nwe,clt,-6,4
3149,15,2021,buf,car,8,-9
3150,15,2021,crd,det,-11,7
3151,15,2021,nyg,dal,-17,-2
3152,15,2021,gnb,rav,8,7
3153,15,2021,jax,htx,-7,7
3154,15,2021,nyj,mia,1,8
3155,15,2021,pit,oti,-4,-10
3156,15,2021,atl,sfo,-10,8
3157,15,2021,den,cin,-13,-8
3158,15,2021,nor,tam,-14,-23
3159,15,2021,cle,rai,-9,-7
3160,15,2021,min,chi,-6,-14
3161,15,2021,was,phi,-6,4
3162,15,2021,sea,ram,-13,-3
3163,16,2021,sfo,oti,-6,-3
3164,16,2021,gnb,cle,1,-1
3165,16,2021,clt,crd,-1,-7
3166,16,2021,atl,det,-3,-7
3167,16,2021,buf,nwe,10,-2
3168,16,2021,car,tam,-17,9
3169,16,2021,rav,cin,-2,18
3170,16,2021,htx,sdg,18,6
3171,16,2021,jax,nyj,-2,3
3172,16,2021,ram,min,7,0
3173,16,2021,phi,nyg,11,-13
3174,16,2021,chi,sea,2,1
3175,16,2021,rai,den,-6,-10
3176,16,2021,kan,pit,13,-13
3177,16,2021,was,dal,-9,33
3178,16,2021,mia,nor,-3,-20
3179,17,2021,buf,atl,6,-8
3180,17,2021,nor,car,-5,-13
3181,17,2021,chi,nyg,6,-20
3182,17,2021,cin,kan,11,8
3183,17,2021,clt,rai,-3,0
3184,17,2021,crd,dal,2,-1
3185,17,2021,nwe,jax,27,-13
3186,17,2021,mia,oti,-20,11
3187,17,2021,tam,nyj,5,1
3188,17,2021,was,phi,-7,-3
3189,17,2021,sdg,den,11,-10
3190,17,2021,htx,sfo,-16,0
3191,17,2021,sea,det,28,6
3192,17,2021,rav,ram,-4,-3
3193,17,2021,min,gnb,-13,14
3194,17,2021,cle,pit,-9,3
3195,18,2021,den,kan,1,5
3196,18,2021,dal,phi,28,3
3197,18,2021,nor,atl,7,-3
3198,18,2021,nyj,buf,-13,4
3199,18,2021,car,tam,-6,18
3200,18,2021,chi,min,-6,8
3201,18,2021,cle,cin,-2,-7
3202,18,2021,clt,jax,-12,3
3203,18,2021,det,gnb,14,7
3204,18,2021,oti,htx,5,2
3205,18,2021,nwe,mia,1,10
3206,18,2021,nyg,was,-16,-1
3207,18,2021,rav,pit,-10,-7
3208,18,2021,sea,crd,15,7
3209,18,2021,sfo,ram,4,1
3210,18,2021,rai,sdg,12,9
3211,WildCard,2021,rai,cin,-4,3
3212,WildCard,2021,buf,nwe,24,-6
3213,WildCard,2021,phi,tam,-8,8
3214,WildCard,2021,sfo,dal,0,-6
3215,WildCard,2021,kan,pit,19,-2
3216,WildCard,2021,ram,crd,11,-12
3217,Division,2021,cin,oti,-4,-7
3218,Division,2021,sfo,gnb,-10,-13
3219,Division,2021,tam,ram,4,7
3220,Division,2021,kan,buf,19,13
3221,ConfChamp,2021,cin,kan,4,1
3222,ConfChamp,2021,ram,sfo,-3,-6
3223,SuperBowl,2021,cin,ram,-3,0
