,team,season,QB_Cmp%,QB_Int%,QB_Y/A,QB_Y/G,WR1_Y/Tgt,WR1_Ctch%,WR1_R/G,WR2_Y/Tgt,WR2_Ctch%,WR2_R/G,RB1_Y/A,RB1_A/G,RB2_Y/A,RB2_A/G,TE_Y/Tch,TE_Ctch%,OL_Sk%,KC_B40%,KC_A40%,KC_Fgp
0,crd,2010,51.0,3.0,6.3,172.1,6.6,52.0,5.6,8.3,54.0,3.6,4.8,9.6,,0.0,5.7,41.2,7.0,,,78.4
1,atl,2010,62.0,1.0,6.5,231.6,7.8,64.2,7.2,6.9,56.2,3.7,4.1,20.9,3.7,6.2,9.4,64.8,3.0,1.0526315789473684,1.2222222222222223,90.3
2,rav,2010,62.0,2.0,7.4,226.4,7.7,58.7,4.0,8.0,61.0,3.8,4.0,19.2,3.8,6.7,15.0,62.5,7.0,,,84.4
3,buf,2010,57.0,3.0,6.8,230.8,7.6,58.2,5.1,6.9,44.0,2.8,4.2,13.9,4.4,9.3,6.1,87.5,5.0,,,74.4
4,car,2010,52.0,3.0,5.2,119.8,5.5,46.0,3.3,7.6,55.2,2.5,4.3,12.7,4.1,14.5,6.4,59.4,9.0,,,90.6
5,chi,2010,60.0,3.0,7.6,218.3,9.6,51.0,3.2,6.5,54.8,2.5,4.5,14.8,2.4,7.0,9.9,58.6,10.0,1.0588235294117647,1.5714285714285714,83.3
6,cin,2010,61.0,3.0,6.8,248.1,6.6,53.2,4.8,7.1,51.8,5.1,3.5,20.1,4.9,3.8,4.2,76.9,4.0,,,84.8
7,cle,2010,60.0,4.0,7.1,197.0,6.6,49.3,2.4,6.3,59.2,2.1,4.4,16.9,2.3,2.8,11.0,66.7,9.0,,,75.0
8,dal,2010,65.0,3.0,7.4,236.5,8.7,58.0,4.3,8.3,57.8,2.5,3.3,8.7,4.3,11.6,10.7,73.4,6.0,1.25,1.4166666666666667,75.0
9,den,2010,58.0,1.0,7.3,281.0,9.5,50.3,4.8,7.8,58.0,4.1,4.3,14.0,2.1,9.0,8.2,48.6,6.0,,,80.6
10,det,2010,61.0,2.0,6.5,244.2,8.2,56.2,5.1,7.3,64.0,3.9,3.2,10.7,3.7,6.4,10.2,64.0,3.0,1.0,1.3571428571428572,83.3
11,gnb,2010,65.0,2.0,8.3,261.5,10.1,60.8,4.8,6.6,60.0,3.4,3.7,11.9,,0.0,6.6,91.7,6.0,,,82.8
12,htx,2010,63.0,2.0,7.6,273.1,7.8,63.8,3.2,8.8,62.3,6.6,4.9,20.4,4.9,1.6,12.4,55.9,5.0,1.0,1.375,90.0
13,clt,2010,66.0,2.0,6.9,293.8,7.7,63.4,6.9,6.6,56.3,4.8,3.9,9.9,4.3,14.5,9.4,72.0,2.0,,,86.1
14,jax,2010,64.0,4.0,7.5,195.3,7.0,53.8,3.1,8.0,64.7,4.1,4.4,21.4,5.5,6.5,12.1,65.2,8.0,1.1111111111111112,1.4545454545454546,78.6
15,kan,2010,58.0,1.0,6.9,207.7,8.7,54.1,4.5,5.4,53.8,1.9,3.7,15.3,6.4,14.4,11.8,64.4,5.0,1.1538461538461537,1.5714285714285714,76.9
16,rai,2010,59.0,2.0,7.3,183.6,5.6,40.0,1.7,8.7,46.3,1.6,5.2,17.2,4.1,11.3,11.4,65.2,9.0,1.0476190476190477,1.5833333333333333,80.5
17,sdg,2010,66.0,2.0,8.7,294.4,8.1,50.0,2.3,9.3,48.1,3.4,4.3,13.2,2.3,1.7,11.1,74.1,6.0,1.0588235294117647,1.5,81.8
18,ram,2010,60.0,2.0,6.0,219.5,6.8,58.2,3.8,4.6,45.3,2.4,3.8,20.6,3.1,2.4,10.4,58.3,5.0,1.1304347826086956,1.3,84.6
19,mia,2010,61.0,3.0,6.7,220.1,6.9,58.9,6.1,8.4,58.9,3.6,3.7,12.5,0.0,0.3,13.5,65.0,5.0,1.0,1.7333333333333334,73.2
20,min,2010,60.0,5.0,7.0,193.0,8.0,65.1,5.1,4.7,51.9,2.0,4.6,18.9,4.0,5.4,11.3,59.5,5.0,,,78.3
21,nwe,2010,65.0,0.0,7.9,243.8,6.9,69.9,5.7,9.4,52.2,1.5,4.4,14.3,5.6,6.9,13.0,71.2,4.0,,,73.1
22,nor,2010,68.0,3.0,7.0,288.8,7.9,57.6,2.1,7.8,64.1,5.6,4.2,4.5,5.2,11.4,10.0,69.5,3.0,,,82.4
23,nyg,2010,62.0,4.0,7.4,250.1,8.2,61.7,6.1,10.2,64.5,3.8,4.5,17.3,5.6,9.2,15.2,50.0,2.0,,,85.2
24,nyj,2010,54.0,2.0,6.5,205.7,9.0,52.5,3.3,7.8,54.2,4.3,4.2,14.6,4.1,12.3,12.5,55.0,5.0,1.125,2.2,76.9
25,phi,2010,62.0,1.0,8.1,251.5,8.4,60.9,4.4,11.1,49.5,3.4,5.2,13.8,6.0,5.0,12.2,53.2,8.0,1.0952380952380953,1.3636363636363635,84.2
26,pit,2010,61.0,1.0,8.2,266.7,12.8,61.2,3.8,7.9,62.1,3.7,3.9,20.3,4.8,3.3,12.2,62.7,7.0,1.0625,1.7,78.4
27,sfo,2010,59.0,2.0,6.9,215.5,7.3,54.5,3.4,8.7,55.0,2.8,4.2,18.5,4.4,5.5,16.3,60.2,6.0,,,84.8
28,sea,2010,59.0,3.0,6.8,214.4,6.8,59.1,4.6,5.5,51.4,2.8,3.5,13.8,4.4,7.4,10.3,53.4,6.0,1.1176470588235294,1.5,83.3
29,tam,2010,61.0,1.0,7.3,215.7,7.5,50.4,4.1,10.4,65.8,1.7,3.5,7.8,5.0,15.5,11.1,67.3,5.0,1.0,1.7142857142857142,82.1
30,oti,2010,59.0,1.0,8.0,139.4,7.3,44.7,2.6,10.6,57.5,3.5,4.3,19.8,1.0,0.1,8.8,69.2,7.0,,,81.3
31,was,2010,58.0,3.0,7.2,259.8,7.7,64.1,5.8,10.1,51.2,2.9,4.5,16.4,4.2,10.8,11.0,61.1,7.0,,,73.7
32,crd,2011,57.0,3.0,7.7,217.2,6.0,52.0,3.2,9.2,51.9,5.0,4.3,17.5,,0.0,10.0,79.4,10.0,,,72.9
33,atl,2011,61.0,2.0,7.4,261.1,7.2,55.6,6.3,10.1,56.8,4.2,4.5,18.8,3.6,3.6,10.9,69.0,4.0,1.0,1.2857142857142858,93.1
34,rav,2011,57.0,2.0,6.7,225.6,8.9,52.6,3.1,8.4,53.8,4.1,4.7,18.2,4.1,6.8,9.8,60.7,5.0,1.105263157894737,1.7,76.9
35,buf,2011,62.0,4.0,6.7,239.5,7.5,56.7,4.8,5.0,50.0,2.9,5.2,6.7,5.5,17.0,10.8,62.9,3.0,1.1875,1.7142857142857142,74.2
36,car,2011,60.0,3.0,7.8,253.2,10.8,61.2,4.9,6.1,57.9,2.9,5.4,9.7,5.4,8.9,12.0,50.6,6.0,,,87.1
37,chi,2011,58.0,2.0,7.4,231.9,10.5,53.6,2.6,8.0,58.7,2.5,4.9,16.9,4.3,6.1,11.4,51.4,6.0,,,83.3
38,cin,2011,58.0,2.0,6.6,212.4,9.2,56.5,4.3,6.9,47.6,3.1,3.9,18.2,3.4,7.0,10.6,60.9,4.0,1.1578947368421053,,86.8
39,cle,2011,57.0,2.0,5.9,210.2,5.2,41.9,2.2,6.0,51.3,3.8,3.6,16.1,3.0,8.8,11.1,52.9,6.0,,,88.2
40,dal,2011,66.0,1.0,8.0,261.5,9.0,61.2,4.2,7.9,58.9,4.3,4.5,10.6,5.5,12.6,11.9,67.5,6.0,1.0526315789473684,1.3333333333333333,86.5
41,den,2011,46.0,2.0,6.4,123.5,6.4,45.8,2.8,3.1,38.0,1.6,4.8,16.6,4.8,5.3,13.5,61.3,10.0,,,82.1
42,det,2011,63.0,2.0,7.6,314.9,10.6,60.8,6.0,6.9,66.4,4.6,4.6,14.0,4.0,5.0,9.4,65.9,5.0,,,88.2
43,gnb,2011,68.0,1.0,9.2,309.5,7.9,66.1,2.3,9.4,66.3,5.2,4.2,8.9,4.3,10.2,13.9,59.8,6.0,1.0555555555555556,1.6,85.7
44,htx,2011,61.0,2.0,8.5,247.9,8.0,66.1,2.6,7.9,47.7,1.9,4.4,21.4,5.4,11.7,12.5,63.5,5.0,1.0416666666666667,1.625,84.2
45,clt,2011,54.0,3.0,6.3,171.2,7.1,52.2,4.4,7.3,56.8,4.7,3.7,9.8,3.7,6.3,10.4,52.3,6.0,,,85.3
46,jax,2011,50.0,2.0,5.4,147.6,4.6,48.4,2.9,6.7,45.5,2.5,4.7,21.4,2.1,5.3,11.8,45.9,8.0,,,75.9
47,kan,2011,59.0,3.0,6.4,190.3,8.2,57.0,5.1,8.0,62.2,3.8,3.1,9.6,4.0,9.9,10.3,70.6,7.0,1.0769230769230769,1.5,80.0
48,rai,2011,60.0,4.0,8.4,275.3,8.5,55.7,4.3,8.1,43.4,2.5,3.8,16.0,5.4,16.1,13.1,70.0,4.0,1.0,1.2352941176470589,88.6
49,sdg,2011,62.0,3.0,7.9,289.0,9.6,52.2,3.8,12.2,61.4,3.6,4.9,15.9,3.2,1.8,9.0,68.2,4.0,1.0666666666666667,1.4615384615384615,80.0
50,ram,2011,53.0,1.0,6.1,216.4,5.8,43.6,4.6,6.1,50.7,2.4,4.4,17.3,4.1,7.9,7.9,64.3,9.0,,,83.8
51,mia,2011,60.0,2.0,7.2,192.1,8.6,57.4,5.1,8.3,53.0,2.2,5.0,14.4,2.6,1.0,14.1,59.3,9.0,1.1,1.3076923076923077,84.6
52,min,2011,54.0,4.0,6.4,168.5,8.0,71.9,5.4,8.5,69.1,3.5,4.7,17.3,4.9,6.8,11.4,51.4,9.0,,,91.4
53,nwe,2011,65.0,2.0,8.6,327.2,9.1,70.5,7.6,7.8,56.7,3.4,3.7,11.3,4.6,5.1,14.6,72.6,5.0,1.1176470588235294,1.3,84.8
54,nor,2011,71.0,2.0,8.3,342.3,10.1,64.0,2.0,10.3,66.7,2.5,5.1,6.9,3.9,12.2,13.2,66.4,3.0,1.0,1.8571428571428572,82.4
55,nyg,2011,61.0,2.0,8.4,308.3,9.0,57.1,5.1,6.8,50.6,3.3,3.9,14.3,3.8,10.9,15.9,62.3,4.0,,,80.6
56,nyj,2011,56.0,3.0,6.4,217.1,6.5,50.5,3.2,6.4,46.9,2.8,4.2,15.8,3.7,5.4,12.5,56.5,6.0,,,96.7
57,phi,2011,59.0,3.0,7.8,254.1,9.2,55.8,3.9,8.9,65.6,4.8,4.8,18.2,3.2,2.6,13.1,63.3,5.0,1.105263157894737,1.2,88.9
58,pit,2011,63.0,2.0,7.9,271.8,10.5,63.2,4.5,6.0,73.0,3.1,4.1,15.2,4.4,6.9,12.3,68.9,7.0,1.1428571428571428,1.8571428571428572,74.2
59,sfo,2011,61.0,1.0,7.1,196.5,7.6,62.6,4.8,5.3,44.1,1.7,4.3,17.6,4.2,7.0,11.4,70.5,9.0,1.0344827586206897,1.5384615384615385,84.6
60,sea,2011,60.0,2.0,6.9,206.1,6.2,47.4,1.5,8.5,56.1,3.6,4.2,19.0,4.7,3.3,9.3,56.8,8.0,,,75.7
61,tam,2011,62.0,4.0,6.5,239.5,6.2,52.4,4.1,8.6,58.8,2.1,4.2,13.1,5.6,5.3,10.2,61.0,5.0,,,79.3
62,oti,2011,61.0,2.0,6.9,223.2,8.5,61.2,4.6,6.3,47.9,3.0,4.0,16.4,,0.0,18.4,64.3,3.0,1.0714285714285714,1.1333333333333333,90.6
63,was,2011,57.0,4.0,6.9,242.4,8.3,59.6,4.3,6.1,48.4,3.8,4.2,10.1,3.8,16.8,13.5,67.0,5.0,1.263157894736842,1.4166666666666667,75.6
64,crd,2012,54.0,4.0,5.6,161.7,5.1,45.5,4.4,6.7,56.1,4.3,2.7,11.0,3.2,7.9,7.6,58.6,6.0,,,71.4
65,atl,2012,68.0,2.0,7.7,294.9,9.4,61.7,4.9,9.5,64.8,5.8,3.6,13.9,3.5,1.1,10.0,75.0,4.0,1.1111111111111112,1.2142857142857142,86.8
66,rav,2012,59.0,1.0,7.2,238.6,7.8,44.5,3.1,8.2,58.0,4.3,4.4,16.1,4.9,6.8,10.7,63.6,6.0,,,94.9
67,buf,2012,60.0,3.0,6.7,212.5,7.1,53.4,4.9,6.6,61.2,3.4,6.0,12.9,3.8,11.5,13.3,58.1,5.0,,,75.0
68,car,2012,57.0,2.0,8.0,241.8,8.6,53.3,4.6,8.9,57.9,3.1,4.3,10.8,3.6,10.3,12.2,66.3,6.0,,,94.6
69,chi,2012,58.0,3.0,7.0,202.2,7.9,61.5,7.4,7.6,50.0,2.4,4.4,16.5,3.6,8.8,12.1,43.2,8.0,1.1764705882352942,1.3,81.8
70,cin,2012,62.0,3.0,6.9,229.3,8.2,59.1,6.1,6.3,56.3,1.6,3.9,18.5,7.2,2.6,11.5,68.1,8.0,1.0,1.4545454545454546,85.7
71,cle,2012,57.0,3.0,6.5,225.7,6.9,56.4,3.3,8.4,52.1,3.1,3.6,17.8,,0.0,10.2,59.8,5.0,1.125,1.0,93.5
72,dal,2012,65.0,2.0,7.6,306.4,7.9,55.5,4.1,10.0,66.7,5.8,4.1,16.1,3.6,6.9,9.4,74.8,5.0,,,87.9
73,den,2012,68.0,1.0,8.0,291.2,10.0,65.7,5.9,8.7,69.7,5.3,4.4,16.7,3.8,17.3,8.7,70.7,3.0,1.0588235294117647,1.625,81.3
74,det,2012,59.0,2.0,6.8,310.4,9.6,59.8,7.6,6.8,58.9,3.3,3.7,15.4,3.6,3.1,9.6,57.8,3.0,,,75.6
75,gnb,2012,67.0,1.0,7.8,268.4,8.0,65.3,4.0,10.2,67.1,4.1,3.5,14.2,3.4,11.3,10.9,70.1,8.0,1.2,1.9090909090909092,63.6
76,htx,2012,64.0,2.0,7.4,250.5,9.9,69.1,7.0,7.6,60.3,2.6,4.1,21.9,4.3,5.9,11.5,59.6,4.0,1.0,1.6363636363636365,81.6
77,clt,2012,54.0,2.0,7.0,273.4,6.3,48.4,3.8,6.9,54.4,6.6,3.9,13.2,3.9,10.8,11.0,68.2,6.0,,,78.0
78,jax,2012,58.0,2.0,6.0,166.2,6.6,48.5,4.0,9.3,52.4,3.9,2.8,10.1,4.8,14.3,10.4,67.5,7.0,,,83.7
79,kan,2012,58.0,4.0,6.5,199.6,7.0,51.8,4.5,6.9,42.6,1.3,5.3,17.8,5.8,0.8,13.7,58.9,6.0,,,84.2
80,rai,2012,61.0,2.0,7.1,267.9,6.5,44.7,3.4,7.6,51.3,2.7,4.6,3.7,3.3,18.0,10.2,75.2,4.0,,,83.8
81,sdg,2012,64.0,2.0,6.8,225.4,9.6,65.9,4.0,10.6,59.7,3.7,3.8,15.3,3.3,5.9,11.0,61.3,8.0,1.0,1.2222222222222223,92.6
82,ram,2012,59.0,2.0,6.7,231.4,8.4,62.2,3.2,8.7,52.5,2.8,4.1,16.1,5.4,0.7,12.4,65.6,6.0,,,81.1
83,mia,2012,58.0,2.0,6.8,205.9,8.3,56.5,4.6,7.5,58.7,4.7,4.3,14.2,4.9,3.9,8.1,59.4,6.0,,,77.5
84,min,2012,62.0,2.0,6.1,183.4,5.3,50.0,2.2,8.0,72.9,6.9,6.0,21.8,3.4,3.1,9.3,57.0,6.0,1.0555555555555556,1.1176470588235294,92.1
85,nwe,2012,63.0,1.0,7.6,301.7,7.0,56.5,4.6,7.8,67.8,7.4,4.4,18.1,4.0,4.8,14.4,69.6,4.0,1.1111111111111112,1.3636363636363635,82.9
86,nor,2012,63.0,2.0,7.7,323.6,8.9,63.8,5.2,6.7,46.8,1.5,5.1,3.7,3.9,9.8,11.6,63.0,3.0,,,81.8
87,nyg,2012,59.0,2.0,7.4,246.8,7.6,60.1,5.4,6.9,53.0,4.1,4.6,15.8,5.3,7.3,11.4,61.8,3.0,1.08,1.5,84.6
88,nyj,2012,54.0,4.0,6.4,192.2,5.4,44.7,1.9,8.7,58.9,3.5,3.9,17.3,4.0,7.9,12.4,54.7,7.0,,,71.0
89,phi,2012,58.0,2.0,6.7,236.2,7.0,56.6,4.6,8.0,51.7,4.1,4.2,16.7,4.9,7.2,12.0,64.8,7.0,1.125,,87.1
90,pit,2012,63.0,1.0,7.3,251.2,7.0,53.8,4.3,7.4,62.3,5.1,3.5,0.1,4.0,12.0,11.5,70.3,6.0,,,84.8
91,sfo,2012,70.0,2.0,8.0,173.7,8.7,66.9,5.3,7.9,73.7,3.5,4.7,16.1,5.2,6.5,13.4,67.2,9.0,1.1578947368421053,2.111111111111111,69.0
92,sea,2012,64.0,2.0,7.9,194.9,9.1,61.0,3.1,10.1,66.2,3.0,5.0,19.7,4.4,5.0,10.4,71.7,7.0,1.0,1.5,88.9
93,tam,2012,54.0,3.0,7.3,254.1,9.4,49.0,4.5,7.9,50.0,3.9,4.6,19.9,4.6,0.7,10.3,59.3,4.0,1.1,1.2222222222222223,84.8
94,oti,2012,56.0,3.0,6.9,197.8,8.4,51.7,2.9,6.5,50.0,3.2,4.5,17.3,1.6,1.9,12.0,69.7,7.0,1.0,2.0,80.6
95,was,2012,65.0,1.0,8.1,213.3,7.0,65.8,3.0,9.3,64.7,4.4,4.8,20.9,3.8,1.4,12.3,65.8,7.0,1.3333333333333333,1.2,80.0
96,crd,2013,63.0,3.0,7.5,267.1,7.1,60.7,5.1,9.2,57.5,4.1,3.2,14.5,5.5,7.9,8.3,81.3,6.0,1.1875,1.2142857142857142,83.3
97,atl,2013,67.0,2.0,6.9,282.2,7.3,64.9,4.8,8.1,64.4,5.3,3.5,13.1,,0.0,10.3,68.6,6.0,,,97.1
98,rav,2013,59.0,3.0,6.4,244.5,8.2,47.4,4.1,6.4,59.8,3.5,3.1,14.3,2.1,0.7,10.9,58.1,7.0,1.0454545454545454,1.125,92.7
99,buf,2013,58.0,2.0,6.4,197.2,6.9,47.1,2.9,5.9,51.5,4.3,4.6,13.5,3.8,0.8,15.6,55.6,8.0,1.0,1.2142857142857142,91.7
100,car,2013,61.0,2.0,7.1,211.2,7.4,57.6,3.1,6.8,58.2,4.3,4.2,13.4,3.6,6.3,11.2,65.8,8.0,,,88.2
101,chi,2013,63.0,3.0,7.4,238.3,7.9,61.0,6.3,9.6,60.1,5.6,4.6,18.1,3.1,4.2,11.7,69.1,5.0,,,93.3
102,cin,2013,61.0,3.0,7.3,268.3,8.0,55.1,6.1,5.9,61.0,2.9,3.4,13.8,4.1,10.6,11.4,65.0,4.0,,,83.9
103,cle,2013,56.0,2.0,6.4,223.9,10.4,54.7,6.2,4.7,41.4,2.6,4.9,3.1,2.7,11.5,11.5,67.8,4.0,,,84.4
104,dal,2013,63.0,1.0,7.2,255.2,7.8,58.5,5.8,9.9,59.5,2.8,5.2,15.5,3.0,4.2,11.7,65.8,6.0,1.1,1.0625,93.3
105,den,2013,68.0,1.0,8.3,342.3,10.1,64.8,5.8,9.5,64.0,5.4,4.3,15.1,4.7,7.5,12.1,72.2,2.0,1.0,1.0714285714285714,96.2
106,det,2013,58.0,3.0,7.3,290.6,9.6,53.8,6.0,5.8,44.7,2.4,4.5,15.9,3.9,10.4,10.1,65.1,3.0,,,92.5
107,gnb,2013,66.0,2.0,8.7,281.8,10.3,66.9,5.3,8.8,63.4,4.2,4.1,18.9,3.8,0.7,9.8,60.4,6.0,1.0,1.3636363636363635,89.2
108,htx,2013,61.0,3.0,6.5,231.0,7.8,60.2,6.8,8.8,57.1,3.3,4.5,15.1,4.3,12.9,11.1,55.1,5.0,1.0,1.6923076923076923,74.3
109,clt,2013,60.0,1.0,6.7,238.9,4.8,45.3,1.8,7.8,59.0,5.1,2.9,11.2,1.0,0.5,11.7,59.8,5.0,1.0625,1.2105263157894737,87.5
110,jax,2013,60.0,2.0,6.4,216.1,6.3,53.7,5.1,8.0,57.1,2.9,3.4,15.6,1.0,0.1,14.4,53.2,7.0,,,89.7
111,kan,2013,60.0,1.0,6.5,220.9,6.5,55.3,3.8,8.4,56.3,2.5,5.0,17.3,1.5,0.1,11.6,65.0,7.0,1.0666666666666667,1.7142857142857142,78.6
112,rai,2013,57.0,4.0,6.6,163.5,8.9,60.0,3.8,8.1,53.5,3.5,4.7,2.9,4.5,10.9,14.7,46.2,10.0,1.2,1.6363636363636365,70.0
113,sdg,2013,69.0,2.0,8.2,279.9,10.0,67.6,4.7,6.7,58.6,2.6,4.4,17.8,4.0,6.6,11.3,67.5,5.0,1.1363636363636365,1.0,91.9
114,ram,2013,58.0,2.0,6.9,167.3,6.9,41.0,2.1,5.6,69.6,2.1,3.9,17.9,,0.0,13.2,60.0,8.0,1.0,1.2222222222222223,92.9
115,mia,2013,60.0,2.0,6.7,244.6,6.6,51.8,4.6,7.6,57.1,4.8,4.0,11.1,3.7,7.3,10.2,67.6,9.0,,,85.0
116,min,2013,63.0,3.0,6.9,183.1,7.6,64.2,4.5,7.3,48.0,3.0,4.5,19.9,,0.0,10.8,66.7,10.0,1.0,1.5714285714285714,86.7
117,nwe,2013,60.0,1.0,6.9,271.4,7.0,69.5,6.6,7.2,51.4,3.1,5.0,9.6,4.3,12.7,11.3,63.2,6.0,1.0,1.1875,92.7
118,nor,2013,68.0,1.0,7.9,322.6,8.5,67.6,5.0,12.8,64.0,2.0,3.7,9.2,3.0,0.9,14.1,60.6,5.0,1.3636363636363635,1.3636363636363635,75.0
119,nyg,2013,57.0,4.0,6.9,238.6,8.9,55.4,3.7,8.2,59.8,5.2,3.5,17.4,,0.0,11.1,61.8,6.0,,,96.7
120,nyj,2013,55.0,4.0,6.9,190.4,5.8,40.7,2.0,7.7,39.0,2.1,4.0,11.0,3.6,1.1,15.3,65.0,8.0,,,89.2
121,phi,2013,64.0,0.0,9.1,222.4,10.6,65.1,5.1,9.9,56.0,2.9,5.1,19.6,4.2,4.7,15.7,62.7,8.0,,,84.4
122,pit,2013,64.0,2.0,7.3,266.3,9.0,65.9,6.9,6.5,59.3,4.2,3.5,18.8,,0.0,10.2,73.4,6.0,1.0909090909090908,,93.8
123,sfo,2013,58.0,1.0,7.7,199.8,9.1,65.9,5.3,4.2,44.4,1.3,4.1,17.3,1.9,0.5,16.3,61.9,8.0,1.0555555555555556,1.2142857142857142,88.9
124,sea,2013,63.0,2.0,8.2,209.8,9.1,64.6,4.0,10.8,69.4,3.1,4.2,18.8,1.5,0.2,11.7,58.9,9.0,1.0526315789473684,1.0714285714285714,94.3
125,tam,2013,59.0,2.0,6.3,200.6,7.7,48.8,4.9,9.6,52.2,2.0,,0.0,3.9,15.2,10.4,71.1,8.0,,,96.9
126,oti,2013,62.0,3.0,7.0,223.1,8.8,55.2,3.6,7.8,67.6,5.9,3.9,17.4,,0.0,2.5,33.3,5.0,,,82.1
127,was,2013,60.0,2.0,7.0,246.4,7.4,62.4,7.1,6.3,58.8,1.4,4.6,17.3,3.4,0.9,9.5,56.0,7.0,1.0666666666666667,1.6666666666666667,80.8
128,crd,2014,55.0,2.0,7.1,190.1,8.5,47.5,2.9,7.6,61.2,4.5,3.3,16.8,,0.0,13.0,52.9,4.0,1.1176470588235294,1.1666666666666667,87.9
129,atl,2014,66.0,2.0,7.5,293.4,9.8,63.8,6.9,7.4,64.0,5.7,3.7,12.7,,0.0,7.7,57.4,4.0,,,81.6
130,rav,2014,62.0,2.0,7.2,249.1,7.9,59.0,4.9,8.3,53.3,3.1,5.4,14.7,,0.0,11.0,60.8,3.0,,,83.3
131,buf,2014,64.0,2.0,6.8,251.5,7.7,50.8,4.1,6.7,62.5,4.1,3.7,10.1,2.8,0.6,6.0,87.5,6.0,1.0476190476190477,1.2307692307692308,89.5
132,car,2014,58.0,2.0,7.0,223.4,7.0,50.3,4.6,7.4,61.5,3.2,4.6,13.5,3.5,10.3,12.0,68.3,7.0,1.05,1.5555555555555556,82.9
133,chi,2014,66.0,3.0,6.8,254.1,7.8,58.6,5.3,6.8,57.5,4.7,3.9,16.6,4.4,2.6,10.2,70.3,6.0,,,84.6
134,cin,2014,64.0,3.0,7.1,212.4,8.1,57.1,3.5,8.9,59.0,5.3,4.0,12.9,5.1,13.9,7.4,78.5,4.0,1.125,,78.8
135,cle,2014,55.0,3.0,7.6,237.6,7.4,56.3,4.2,7.8,64.4,3.9,1.0,0.2,3.9,12.2,17.7,50.0,5.0,,,85.3
136,dal,2014,69.0,2.0,8.5,247.0,9.7,64.7,5.5,9.4,56.1,2.3,4.7,24.5,,0.0,11.0,71.1,6.0,1.0833333333333333,1.2307692307692308,86.2
137,den,2014,66.0,2.0,7.9,295.4,10.0,71.6,6.3,8.8,60.3,6.9,4.7,11.9,4.1,13.3,11.4,69.4,2.0,1.0625,1.6666666666666667,82.8
138,det,2014,60.0,2.0,7.1,266.1,9.2,68.8,6.2,9.0,68.6,1.5,3.9,6.9,3.9,14.9,7.0,66.7,7.0,1.0666666666666667,2.2,65.8
139,gnb,2014,65.0,1.0,8.4,273.8,10.1,71.7,5.7,10.1,64.9,6.1,4.6,15.4,3.9,5.3,11.1,63.0,5.0,1.0588235294117647,1.5,81.8
140,htx,2014,63.0,2.0,8.0,206.9,9.5,59.8,4.8,6.4,58.2,5.7,4.8,20.0,,0.0,10.9,64.3,6.0,1.1578947368421053,1.1818181818181819,85.7
141,clt,2014,61.0,2.0,7.7,297.6,10.3,62.6,5.5,6.7,55.2,4.3,3.3,10.6,4.5,4.9,13.6,58.0,4.0,1.0,1.1,96.8
142,jax,2014,58.0,3.0,6.1,207.7,5.1,48.2,4.1,6.1,53.6,2.8,4.3,10.4,3.2,7.2,11.1,74.3,10.0,,,88.6
143,kan,2014,65.0,1.0,7.0,217.7,7.9,63.2,4.0,6.8,57.7,2.5,5.0,13.7,4.0,0.1,9.0,69.4,8.0,,,86.5
144,rai,2014,58.0,2.0,5.5,204.4,7.0,47.5,2.9,5.9,65.2,4.6,4.0,1.4,3.4,9.7,9.2,58.6,3.0,,,84.2
145,sdg,2014,66.0,3.0,7.5,267.9,9.3,56.5,3.3,6.5,63.6,5.5,3.6,11.4,4.5,12.3,11.9,70.4,5.0,,,82.4
146,ram,2014,63.0,3.0,7.0,200.1,8.9,57.1,3.0,5.5,70.5,2.1,,0.0,4.3,14.9,9.6,71.1,9.0,1.1875,1.4285714285714286,80.0
147,mia,2014,66.0,2.0,6.9,252.8,7.5,58.3,4.2,7.5,61.9,2.4,5.1,13.5,3.8,3.7,10.4,69.0,7.0,1.0526315789473684,1.7777777777777777,78.4
148,min,2014,64.0,3.0,7.3,224.5,8.1,64.1,3.7,5.7,49.3,2.1,3.5,10.9,4.8,10.3,10.9,73.1,8.0,1.25,1.5,74.3
149,nwe,2014,64.0,1.0,7.1,256.8,7.3,68.7,6.6,8.0,62.2,4.6,4.1,6.0,3.6,15.7,14.7,50.0,3.0,1.0476190476190477,1.0769230769230769,94.6
150,nor,2014,69.0,2.0,7.5,309.5,9.0,59.0,3.7,8.0,76.8,5.3,4.3,17.4,1.3,0.3,10.5,68.0,4.0,,,96.9
151,nyg,2014,63.0,2.0,7.3,275.6,7.4,55.9,4.4,10.0,70.0,7.6,3.8,15.2,3.3,13.6,9.9,68.5,4.0,,,93.5
152,nyj,2014,59.0,3.0,6.9,180.4,8.4,64.3,4.9,6.7,55.8,3.6,4.1,12.4,4.3,9.7,10.7,48.9,7.0,1.0,1.5833333333333333,82.1
153,phi,2014,59.0,3.0,7.0,270.4,9.2,59.4,5.3,6.1,57.9,3.4,4.2,19.5,5.8,3.8,10.6,62.7,2.0,1.0833333333333333,1.25,88.9
154,pit,2014,67.0,1.0,8.1,309.5,9.4,71.3,8.1,7.5,61.6,3.3,4.7,18.1,0.0,0.1,11.5,72.5,5.0,1.0555555555555556,1.1818181818181819,90.6
155,sfo,2014,60.0,2.0,7.0,210.6,8.2,63.8,5.2,6.5,63.0,4.3,4.3,15.9,1.5,0.4,9.2,52.0,9.0,1.0714285714285714,1.4545454545454546,80.6
156,sea,2014,63.0,1.0,7.7,217.2,8.4,67.3,4.1,7.8,55.1,2.5,4.7,17.5,4.2,4.6,16.5,55.0,8.0,1.0,1.5454545454545454,83.8
157,tam,2014,56.0,4.0,6.7,200.5,7.1,49.3,4.4,8.6,55.7,4.5,3.7,12.2,,0.0,10.5,55.3,9.0,,,74.4
158,oti,2014,59.0,3.0,7.9,201.7,7.7,61.3,4.1,9.0,55.6,2.5,3.7,9.5,4.2,7.2,14.1,59.4,9.0,,,84.6
159,was,2014,68.0,2.0,7.9,188.2,7.2,64.8,4.3,12.3,58.9,3.7,4.1,16.6,2.4,0.6,6.0,81.3,13.0,1.0588235294117647,,88.9
160,crd,2015,63.0,2.0,8.7,291.9,8.4,75.2,6.8,9.9,64.4,4.3,4.2,17.8,4.6,7.8,14.8,75.0,4.0,1.0,,90.3
161,atl,2015,66.0,2.0,7.5,286.9,9.2,67.0,8.5,7.2,61.4,2.7,4.0,17.7,0.0,0.1,6.3,58.3,4.0,1.0769230769230769,1.4545454545454546,80.6
162,rav,2015,64.0,2.0,6.8,279.1,7.4,59.1,4.7,9.2,63.0,6.6,1.5,0.1,4.2,15.1,12.5,70.2,3.0,1.0,1.5,82.5
163,buf,2015,63.0,1.0,8.0,216.8,10.9,62.5,4.6,6.9,58.8,3.4,4.4,16.9,2.0,0.1,10.4,66.2,8.0,1.0769230769230769,1.3,85.2
164,car,2015,59.0,2.0,7.8,239.8,7.6,45.4,2.9,8.3,57.4,2.2,4.1,18.6,4.1,3.9,14.3,62.1,6.0,1.0714285714285714,1.3333333333333333,83.3
165,chi,2015,64.0,2.0,7.6,243.9,4.8,74.0,4.1,8.6,57.4,6.0,4.1,16.8,3.6,9.3,12.9,73.9,5.0,1.1111111111111112,1.2857142857142858,84.6
166,cin,2015,66.0,1.0,8.4,250.0,9.8,65.2,5.4,7.9,63.1,4.1,3.6,13.9,4.7,9.6,11.8,70.3,4.0,,,83.9
167,cle,2015,63.0,1.0,7.2,263.6,7.7,54.4,4.3,6.4,62.8,3.4,3.8,11.6,3.6,6.5,13.2,63.2,7.0,,,85.7
168,dal,2015,58.0,3.0,6.3,159.5,9.0,55.9,3.3,5.6,43.1,3.4,4.6,14.9,4.1,12.7,9.3,74.0,6.0,,,83.3
169,den,2015,59.0,5.0,6.8,224.9,7.4,59.3,6.6,8.3,55.9,5.1,4.2,12.9,4.7,10.1,11.2,59.7,4.0,1.0,1.5,85.7
170,det,2015,67.0,2.0,7.2,266.4,6.4,70.3,5.6,8.1,59.1,5.5,4.2,8.9,3.5,6.9,11.4,67.1,6.0,,,86.2
171,gnb,2015,60.0,1.0,6.7,238.8,6.4,61.2,4.9,9.0,50.5,3.1,4.1,12.5,3.1,0.6,8.8,68.2,7.0,1.0,1.3333333333333333,85.7
172,htx,2015,60.0,1.0,7.1,236.9,7.9,57.8,6.9,7.0,50.0,3.4,3.8,11.4,2.6,15.8,9.8,70.8,6.0,1.0,1.5,85.2
173,clt,2015,60.0,2.0,6.6,211.3,8.4,51.5,4.3,6.5,53.2,2.6,3.7,16.3,2.7,5.2,6.5,55.2,5.0,,,80.0
174,jax,2015,58.0,3.0,7.3,276.8,9.3,53.0,5.0,9.8,61.0,4.3,4.1,15.2,2.2,2.9,14.1,43.2,7.0,,,78.9
175,kan,2015,65.0,1.0,7.4,217.9,8.8,70.2,5.8,7.9,61.4,2.5,4.0,10.7,5.1,14.2,12.2,69.9,8.0,1.0588235294117647,1.4615384615384615,81.1
176,rai,2015,61.0,2.0,7.0,249.2,8.2,55.4,4.5,6.3,58.2,5.3,4.0,16.6,3.6,0.7,5.8,92.3,5.0,,,85.7
177,sdg,2015,66.0,2.0,7.2,299.5,8.3,44.1,2.0,8.1,75.3,8.4,3.5,13.1,3.4,6.1,11.6,58.7,5.0,,,85.3
178,ram,2015,56.0,3.0,6.1,186.5,5.4,59.8,3.3,9.5,50.0,2.3,4.8,17.6,2.8,5.8,12.3,52.0,4.0,,,94.6
179,mia,2015,61.0,2.0,7.2,263.0,7.0,66.3,6.9,10.9,70.5,3.9,4.5,12.1,3.8,5.4,11.0,50.0,7.0,,,72.4
180,min,2015,65.0,2.0,7.2,201.9,6.6,54.2,2.4,8.6,61.9,4.0,4.5,20.4,1.7,0.4,10.1,67.1,9.0,1.0909090909090908,1.25,87.2
181,nwe,2015,64.0,1.0,7.6,298.1,7.9,69.3,6.8,7.3,64.9,2.7,4.3,13.8,4.8,7.0,16.3,60.0,5.0,1.0,1.1875,91.7
182,nor,2015,68.0,1.0,7.8,324.7,8.8,65.1,5.3,9.7,68.3,4.6,4.6,13.8,3.9,12.0,11.1,67.3,4.0,,,81.5
183,nyg,2015,62.0,2.0,7.2,277.0,8.9,63.3,3.6,9.2,60.8,6.4,4.4,12.2,2.9,5.5,7.7,70.7,4.0,,,88.6
184,nyj,2015,59.0,2.0,6.9,244.1,8.7,63.0,6.8,7.8,60.6,5.3,4.3,16.5,1.0,0.1,6.0,27.3,3.0,1.0,1.5454545454545454,81.8
185,phi,2015,65.0,2.0,7.0,266.1,8.0,51.2,1.3,7.9,67.5,5.3,3.6,12.9,5.1,8.2,14.7,77.1,5.0,,,100.0
186,pit,2015,68.0,3.0,8.4,328.2,9.5,70.5,8.5,9.5,55.7,2.8,4.5,12.5,4.9,18.8,8.8,74.1,4.0,1.0,1.5,83.3
187,sfo,2015,63.0,2.0,7.2,253.9,7.1,62.2,4.9,10.7,53.2,2.1,4.1,16.4,3.5,12.7,10.9,65.2,8.0,,,75.7
188,sea,2015,68.0,1.0,8.3,251.5,10.4,75.7,4.9,10.1,72.1,3.1,5.6,11.3,3.8,15.9,12.6,64.9,8.0,1.0,1.1538461538461537,93.5
189,tam,2015,58.0,2.0,7.6,252.6,8.1,50.0,4.9,8.8,53.2,3.3,4.9,18.0,4.9,6.7,6.8,69.2,4.0,1.1,2.0,72.5
190,oti,2015,62.0,2.0,7.6,234.8,5.7,50.0,2.6,6.8,60.0,3.6,3.6,10.2,4.1,3.6,11.1,61.9,9.0,,,85.2
191,was,2015,69.0,2.0,7.7,260.4,7.0,64.9,4.5,10.8,61.2,3.3,3.7,12.6,3.4,11.1,8.3,77.3,4.0,1.0,1.4,86.7
192,crd,2016,61.0,2.0,7.1,282.2,6.8,71.3,6.7,6.4,47.1,2.5,4.2,18.3,2.8,2.1,10.6,60.7,6.0,1.1818181818181819,1.5555555555555556,75.0
193,atl,2016,69.0,1.0,9.3,309.0,8.1,72.8,3.9,10.9,64.3,5.9,4.8,14.2,,0.0,20.3,68.4,6.0,1.0526315789473684,1.1333333333333333,91.9
194,rav,2016,64.0,2.0,6.4,269.8,8.8,62.1,4.5,7.9,69.3,5.0,4.0,12.1,4.4,0.3,8.5,71.1,4.0,1.0714285714285714,1.0,97.4
195,buf,2016,61.0,1.0,6.9,201.5,8.1,67.1,3.9,6.3,42.6,1.9,5.4,15.6,,0.0,9.7,65.5,8.0,,,93.8
196,car,2016,52.0,2.0,6.9,233.9,8.0,53.4,3.9,7.9,56.8,3.4,3.8,16.8,4.0,12.0,13.4,62.0,6.0,,,78.6
197,chi,2016,59.0,6.0,7.5,230.1,8.7,55.3,4.3,9.2,68.0,4.7,5.2,16.8,3.2,5.2,5.0,30.0,2.0,,,94.3
198,cin,2016,64.0,1.0,7.5,262.9,8.1,59.8,4.0,9.6,66.0,6.6,3.8,14.8,3.7,9.1,9.2,83.3,6.0,1.0454545454545454,,80.0
199,cle,2016,65.0,1.0,7.1,153.3,7.2,55.0,4.8,5.7,45.2,3.3,4.8,12.4,,0.0,11.1,67.1,9.0,1.0,1.75,77.8
200,dal,2016,67.0,0.0,8.0,229.2,9.7,72.1,2.8,8.3,52.1,3.8,5.1,21.5,3.6,8.0,9.8,72.6,5.0,1.0,1.5,84.4
201,den,2016,59.0,2.0,7.0,242.9,7.5,57.7,4.9,7.5,62.5,5.6,4.0,15.7,3.5,10.9,10.8,59.5,6.0,1.0,1.5,85.3
202,det,2016,65.0,1.0,7.3,270.4,8.0,67.4,5.7,6.1,70.5,4.2,3.9,9.2,3.8,6.3,11.5,71.8,5.0,1.0714285714285714,1.2352941176470589,86.1
203,gnb,2016,65.0,1.0,7.3,276.8,8.3,63.8,6.1,8.2,62.0,4.7,4.4,2.1,5.9,5.1,9.0,63.8,5.0,1.1111111111111112,1.2857142857142858,86.7
204,htx,2016,59.0,3.0,5.8,197.1,6.3,51.7,4.9,6.9,51.1,3.4,4.0,19.1,4.2,7.1,10.4,60.7,5.0,1.0,1.5454545454545454,85.4
205,clt,2016,63.0,2.0,7.8,282.7,9.3,58.7,5.7,8.9,55.9,2.2,3.9,16.4,3.5,3.1,9.9,78.7,7.0,,,85.0
206,jax,2016,58.0,2.0,6.2,244.1,5.8,48.3,4.6,6.3,46.1,3.2,3.6,8.7,3.8,10.6,8.5,66.7,5.0,,,92.7
207,kan,2016,67.0,1.0,7.2,233.5,7.1,57.9,3.7,7.7,63.8,2.8,4.3,15.3,,0.0,13.0,72.6,5.0,1.1304347826086956,1.125,88.6
208,rai,2016,63.0,1.0,7.0,262.5,6.9,61.4,5.6,8.7,62.9,5.2,4.0,13.9,2.8,1.1,10.9,63.5,2.0,1.0,1.4615384615384615,82.9
209,sdg,2016,60.0,3.0,7.6,274.1,8.4,59.8,3.6,8.9,58.0,4.3,3.9,19.5,3.2,4.6,13.3,67.9,5.0,,,86.8
210,ram,2016,60.0,3.0,6.8,220.1,4.8,54.7,3.9,9.0,61.3,4.5,3.2,17.4,4.8,1.9,10.0,57.5,6.0,1.0,1.6,86.4
211,mia,2016,67.0,3.0,7.7,230.4,8.7,71.8,5.9,9.0,51.9,2.6,4.9,17.3,2.5,5.5,9.8,74.3,6.0,,,74.3
212,min,2016,71.0,0.0,7.0,258.5,8.1,75.0,6.5,10.5,75.0,4.3,3.4,10.6,3.3,7.6,10.1,62.9,6.0,,,87.5
213,nwe,2016,67.0,0.0,8.2,296.2,11.7,65.5,2.5,7.0,61.6,6.1,3.9,18.7,4.4,9.1,12.5,75.3,3.0,1.2,1.1666666666666667,84.4
214,nor,2016,70.0,2.0,7.7,325.5,10.0,66.7,4.9,9.4,76.0,6.1,5.1,12.8,4.1,8.3,12.4,61.7,3.0,,,91.4
215,nyg,2016,63.0,2.0,6.7,251.7,6.5,61.9,4.1,8.1,59.8,6.3,3.3,13.9,3.7,3.0,8.2,68.6,3.0,,,85.0
216,nyj,2016,56.0,4.0,6.7,193.6,6.2,46.1,3.9,8.2,55.2,3.6,3.7,15.6,5.5,8.2,7.9,72.7,4.0,1.0909090909090908,1.4,87.1
217,phi,2016,62.0,2.0,6.2,236.4,5.3,52.2,2.4,6.9,62.4,5.2,4.3,11.9,4.7,6.3,10.5,73.6,5.0,1.0,1.5454545454545454,85.4
218,pit,2016,64.0,2.0,7.5,272.8,8.3,68.8,7.1,9.0,72.7,3.7,4.9,21.8,3.5,10.9,8.7,65.0,3.0,,,83.9
219,sfo,2016,59.0,1.0,6.8,186.8,6.5,58.7,2.6,5.8,55.7,4.0,4.6,16.7,2.6,4.6,12.1,58.0,9.0,,,90.6
220,sea,2016,64.0,2.0,7.7,263.7,9.0,75.2,5.9,5.7,46.1,2.6,4.0,13.0,3.2,12.1,14.0,68.4,7.0,1.0833333333333333,1.2222222222222223,89.2
221,tam,2016,60.0,3.0,7.2,255.6,7.6,55.5,6.0,5.4,46.9,3.0,2.9,18.0,4.3,12.9,11.6,70.4,5.0,,,75.0
222,oti,2016,61.0,2.0,7.6,228.4,6.3,49.4,2.6,8.8,60.2,4.1,4.4,18.3,3.0,0.1,10.4,61.5,4.0,,,84.4
223,was,2016,67.0,2.0,8.1,307.3,9.1,69.3,4.9,10.1,56.0,3.7,4.2,11.2,4.6,14.1,13.3,74.6,3.0,1.0833333333333333,1.6,81.0
224,crd,2017,61.0,2.0,7.4,282.6,7.2,67.7,6.8,6.9,44.9,1.9,3.5,21.5,3.6,7.5,9.8,71.7,7.0,1.2352941176470589,1.2857142857142858,80.0
225,atl,2017,64.0,2.0,7.7,255.9,9.8,59.5,5.5,7.3,69.8,4.5,4.4,14.0,4.0,10.4,10.2,85.7,4.0,1.1875,1.1176470588235294,87.2
226,rav,2017,64.0,2.0,5.7,196.3,8.1,56.5,3.5,6.1,55.6,3.3,4.6,14.1,3.5,7.8,8.6,77.2,4.0,1.0,1.1875,91.9
227,buf,2017,62.0,1.0,6.7,186.6,4.3,36.5,1.8,8.4,52.9,2.5,4.0,17.9,3.7,5.5,11.4,66.2,9.0,,,91.4
228,car,2017,59.0,3.0,6.7,206.4,7.6,56.8,3.9,9.3,62.7,4.0,3.4,13.2,3.7,7.3,14.6,62.5,6.0,,,85.3
229,chi,2017,59.0,2.0,6.6,182.8,8.2,52.2,1.6,8.4,57.5,2.9,4.1,17.3,4.3,5.4,12.0,51.7,8.0,,,90.6
230,cin,2017,59.0,2.0,6.7,207.5,7.5,52.4,4.7,6.2,58.4,3.3,3.5,12.7,3.1,5.3,9.6,67.7,7.0,,,87.5
231,cle,2017,53.0,4.0,6.1,192.9,5.9,44.3,1.7,5.3,39.7,2.6,4.1,12.9,4.2,5.1,12.0,75.0,7.0,,,86.2
232,dal,2017,62.0,2.0,6.8,207.8,6.3,52.3,4.3,7.3,67.9,3.3,4.1,24.2,4.8,8.2,8.9,72.4,6.0,1.2727272727272727,1.4,75.9
233,den,2017,59.0,4.0,6.5,207.7,6.8,59.3,5.2,6.0,51.1,3.9,4.1,15.3,2.0,0.4,13.6,63.6,8.0,1.1764705882352942,1.7142857142857142,75.0
234,det,2017,65.0,1.0,7.9,277.9,10.3,57.0,3.8,8.4,76.7,5.8,3.3,11.8,3.4,5.3,10.4,65.4,7.0,1.0,1.3571428571428572,85.7
235,gnb,2017,60.0,3.0,5.8,166.9,5.5,60.2,3.5,7.1,71.7,4.4,3.6,9.6,3.8,8.9,11.3,51.4,8.0,,,90.9
236,htx,2017,56.0,2.0,6.3,176.5,7.9,55.2,6.4,8.5,56.0,2.8,3.7,14.9,0.4,1.3,12.2,50.0,8.0,,,94.3
237,clt,2017,58.0,1.0,6.6,193.6,8.9,52.3,3.6,7.1,76.5,0.9,3.7,16.3,2.3,3.8,8.6,74.1,10.0,,,83.8
238,jax,2017,60.0,2.0,7.0,230.4,7.3,58.3,4.0,8.6,69.6,3.9,3.9,20.6,3.4,8.0,13.3,50.0,4.0,1.0526315789473684,1.3636363636363635,85.7
239,kan,2017,67.0,1.0,8.0,269.5,11.3,71.4,5.0,5.4,53.8,1.3,4.9,17.0,2.9,0.9,12.3,68.0,6.0,1.037037037037037,1.2142857142857142,91.1
240,rai,2017,62.0,2.0,6.8,233.1,6.1,57.4,4.1,7.1,50.0,3.4,4.3,13.8,4.9,3.5,12.7,62.8,3.0,,,85.0
241,sdg,2017,62.0,1.0,7.9,282.2,8.8,64.2,6.4,10.6,62.3,2.7,3.9,17.8,4.0,0.4,12.9,72.6,3.0,1.1176470588235294,3.6666666666666665,66.7
242,ram,2017,62.0,1.0,8.0,253.6,8.5,55.7,2.6,9.2,65.9,4.7,4.7,18.6,3.9,5.7,11.8,55.6,5.0,1.0952380952380953,1.0555555555555556,93.0
243,mia,2017,62.0,3.0,6.2,190.4,6.1,69.6,7.0,8.1,55.2,3.6,3.4,19.7,4.8,8.3,9.5,66.1,4.0,,,77.1
244,min,2017,67.0,1.0,7.4,236.5,9.0,64.1,5.7,8.9,67.4,4.6,3.9,13.5,4.8,18.5,9.3,70.4,4.0,1.1,1.3333333333333333,84.2
245,nwe,2017,66.0,1.0,7.9,286.1,9.5,57.0,4.1,7.7,70.9,4.1,5.0,11.3,4.0,3.1,15.7,65.7,5.0,1.0,1.25,92.5
246,nor,2017,72.0,1.0,8.1,270.9,8.4,69.8,6.5,11.2,75.7,3.5,4.9,14.4,4.0,0.6,6.9,72.7,3.0,1.0714285714285714,1.2352941176470589,86.1
247,nyg,2017,61.0,2.0,6.1,231.2,8.7,70.2,5.4,5.8,50.0,2.4,4.4,11.4,2.2,3.7,9.8,75.0,5.0,,,77.8
248,nyj,2017,67.0,2.0,7.4,225.1,8.3,55.3,3.9,7.9,63.7,4.1,4.3,11.9,3.7,8.6,15.1,72.7,8.0,1.0,1.3571428571428572,83.3
249,phi,2017,60.0,1.0,7.5,253.5,6.6,47.5,3.6,6.4,53.7,2.3,4.4,10.8,3.7,5.9,11.1,67.3,6.0,1.3,1.105263157894737,85.3
250,pit,2017,64.0,2.0,7.6,283.4,9.4,62.0,7.2,7.2,59.5,3.3,4.0,21.4,0.0,0.2,8.7,68.3,3.0,1.0909090909090908,1.0769230769230769,92.1
251,sfo,2017,58.0,2.0,6.1,207.5,9.2,53.3,3.5,7.5,59.7,5.0,3.9,15.0,4.4,6.6,16.0,63.6,7.0,1.0555555555555556,1.0476190476190477,95.1
252,sea,2017,61.0,2.0,7.2,248.9,8.5,64.7,4.7,8.8,55.0,2.8,3.5,11.3,2.6,7.7,9.1,59.4,7.0,,,88.6
253,tam,2017,63.0,2.0,7.9,269.5,7.4,52.2,4.7,7.4,55.6,3.6,2.9,12.5,3.9,6.8,16.6,66.7,6.0,1.0625,1.8888888888888888,73.5
254,oti,2017,62.0,3.0,7.1,215.5,9.1,60.9,3.8,5.8,52.3,3.1,3.6,12.3,4.2,11.0,8.7,60.0,5.0,1.0,1.3888888888888888,83.3
255,was,2017,64.0,2.0,7.6,255.8,6.4,44.9,2.2,8.8,69.2,2.8,3.4,10.9,3.1,8.9,15.1,62.3,7.0,,,82.9
256,crd,2018,55.0,3.0,5.8,162.7,6.6,61.6,4.3,8.7,63.2,3.6,3.6,16.1,1.5,0.1,10.4,75.0,10.0,,,80.6
257,atl,2018,69.0,1.0,8.1,307.8,8.9,70.2,4.1,9.9,66.5,7.1,4.8,10.4,4.9,7.0,10.1,100.0,6.0,1.0,1.0666666666666667,96.2
258,rav,2018,61.0,1.0,6.5,273.9,6.1,54.0,3.4,7.4,43.3,2.6,3.6,11.4,5.2,12.5,9.3,62.2,4.0,1.0,1.2857142857142858,89.7
259,buf,2018,52.0,3.0,6.5,172.8,6.4,54.9,3.5,5.7,37.1,1.9,3.2,11.5,3.3,8.8,8.8,58.3,8.0,1.0,1.5454545454545454,78.6
260,car,2018,67.0,2.0,7.2,242.5,6.9,55.7,3.1,9.6,67.1,3.4,5.0,13.7,4.3,2.7,10.8,71.1,5.0,,,87.0
261,chi,2018,66.0,2.0,7.4,230.2,8.0,58.5,4.2,7.4,72.0,4.2,3.7,15.6,4.5,6.2,10.4,71.1,5.0,1.2307692307692308,1.4,76.7
262,cin,2018,61.0,3.0,7.0,233.3,9.5,70.4,5.4,3.6,36.2,1.6,4.9,16.9,3.8,4.7,10.2,67.2,5.0,,,91.7
263,cle,2018,63.0,2.0,7.7,266.1,6.6,54.4,5.1,7.4,54.4,2.7,5.2,12.0,3.4,19.0,11.4,63.6,4.0,,,81.1
264,dal,2018,67.0,1.0,7.4,242.8,9.5,69.7,5.9,7.5,48.5,2.1,4.7,20.3,2.9,2.8,9.3,81.3,9.0,1.125,1.3846153846153846,80.6
265,den,2018,62.0,2.0,6.6,243.1,8.9,72.4,5.9,8.4,50.0,2.6,5.4,12.8,4.0,9.3,9.1,64.6,5.0,,,83.9
266,det,2018,66.0,2.0,6.8,236.1,8.9,58.8,4.7,8.2,56.5,3.9,2.7,9.6,5.4,11.8,12.5,87.5,6.0,1.0,1.5,87.5
267,gnb,2018,62.0,0.0,7.4,277.6,8.2,65.7,7.4,8.0,52.1,2.4,5.5,11.1,3.8,7.6,11.6,61.8,7.0,1.0714285714285714,1.375,81.1
268,htx,2018,68.0,1.0,8.2,260.3,9.6,70.6,7.2,11.2,71.1,4.6,4.6,15.0,3.3,9.4,12.7,55.8,10.0,1.0,1.3125,88.1
269,clt,2018,67.0,2.0,7.2,287.1,10.6,63.3,5.4,6.7,73.6,3.3,4.7,16.3,3.7,5.3,10.8,60.0,2.0,,,84.8
270,jax,2018,60.0,2.0,6.7,209.1,7.5,53.9,3.0,7.0,54.3,2.4,3.3,16.6,4.0,7.4,8.9,63.2,7.0,,,87.1
271,kan,2018,66.0,2.0,8.8,318.6,10.8,63.5,5.4,6.4,61.5,2.0,4.6,16.5,5.1,3.1,13.0,68.7,4.0,1.0,1.375,88.9
272,rai,2018,68.0,1.0,7.3,253.1,8.4,71.6,4.2,7.7,70.3,3.0,4.2,10.8,4.2,15.0,13.2,67.3,8.0,1.0,1.3125,84.4
273,sdg,2018,68.0,2.0,8.5,269.3,8.8,71.3,6.1,10.0,63.1,2.6,5.1,14.6,5.2,7.6,11.1,70.4,5.0,,,76.7
274,ram,2018,64.0,2.0,8.4,293.0,9.4,66.2,5.4,10.3,68.4,5.0,4.9,18.3,7.0,21.5,12.2,70.6,5.0,1.04,1.75,82.9
275,mia,2018,64.0,3.0,7.2,179.9,7.3,74.7,3.9,8.6,57.8,2.5,4.6,11.1,4.5,7.5,9.2,68.8,11.0,,,75.0
276,min,2018,70.0,1.0,7.1,268.6,9.0,73.9,7.1,6.9,68.5,6.8,4.6,12.1,4.1,8.8,9.9,78.0,6.0,,,91.7
277,nwe,2018,65.0,1.0,7.6,272.2,7.9,68.5,6.2,10.6,58.8,3.6,4.5,16.1,3.3,7.1,14.5,65.3,3.0,1.0,1.8333333333333333,84.4
278,nor,2018,74.0,1.0,8.2,266.1,9.6,85.0,7.8,9.7,63.6,1.9,4.6,12.9,4.7,11.5,11.6,66.7,3.0,1.0,1.1538461538461537,93.3
279,nyg,2018,66.0,1.0,7.5,268.7,8.1,61.7,4.1,8.5,62.1,6.4,5.0,16.3,3.6,0.5,10.9,73.5,7.0,,,88.6
280,nyj,2018,57.0,3.0,6.9,220.4,6.6,55.9,3.5,8.0,53.2,3.6,4.3,11.4,4.8,11.0,12.9,69.6,6.0,,,84.6
281,phi,2018,69.0,1.0,7.7,279.5,7.6,66.0,4.0,9.2,70.7,5.0,4.2,5.4,4.3,8.6,10.0,74.4,7.0,,,86.5
282,pit,2018,67.0,2.0,7.6,320.6,7.7,61.9,6.9,8.6,66.9,6.9,4.5,16.5,2.8,2.9,12.2,69.4,3.0,,,84.6
283,sfo,2018,64.0,3.0,8.3,284.6,9.2,53.5,2.1,7.4,63.6,2.6,5.3,10.9,4.0,11.0,15.6,64.7,5.0,1.0,1.0909090909090908,97.1
284,sea,2018,65.0,1.0,8.1,215.5,13.8,81.4,3.6,8.5,68.5,3.8,4.7,17.6,1.0,0.2,9.3,67.4,10.0,,,78.8
285,tam,2018,64.0,3.0,7.9,272.0,11.0,62.3,5.4,10.5,55.4,3.4,3.7,14.6,3.2,2.1,6.9,87.5,6.0,1.0625,2.5,74.1
286,oti,2018,68.0,2.0,7.6,180.6,8.0,58.0,4.1,6.7,55.3,1.6,4.9,13.4,3.3,9.7,12.9,66.7,11.0,1.0555555555555556,1.375,86.7
287,was,2018,62.0,1.0,6.6,218.0,6.8,56.4,2.9,7.9,59.2,3.2,4.2,15.7,4.1,4.3,8.2,55.6,6.0,1.0,1.2142857142857142,89.7
288,crd,2019,64.0,2.0,6.9,232.6,7.4,68.8,4.7,6.6,63.0,5.2,3.7,7.2,5.2,15.4,13.2,75.0,8.0,1.0416666666666667,1.4285714285714286,88.6
289,atl,2019,66.0,2.0,7.3,297.7,8.9,63.1,6.6,9.3,67.7,4.8,3.6,13.1,4.1,6.5,10.5,77.3,7.0,1.105263157894737,1.4615384615384615,80.0
290,rav,2019,66.0,1.0,7.8,208.5,7.4,67.4,1.9,8.2,64.8,3.3,5.0,13.5,5.3,8.3,10.4,72.1,5.0,,,87.1
291,buf,2019,58.0,2.0,6.7,193.1,9.2,62.6,4.8,7.3,63.2,4.5,3.6,10.4,5.1,12.6,13.7,56.0,7.0,1.0833333333333333,1.5,78.6
292,car,2019,62.0,3.0,6.8,255.5,6.0,51.4,3.4,8.7,64.4,5.8,4.8,17.9,7.3,1.0,11.5,63.4,8.0,,,77.1
293,chi,2019,63.0,1.0,6.1,209.2,7.4,63.6,6.1,7.4,60.4,3.2,3.3,4.0,3.7,15.1,13.0,87.5,6.0,,,76.7
294,cin,2019,59.0,2.0,6.6,268.8,7.1,60.8,5.6,7.2,50.0,3.3,4.1,17.4,3.2,3.3,9.0,67.5,6.0,,,88.2
295,cle,2019,59.0,3.0,7.2,239.2,8.5,60.1,5.2,7.8,55.6,4.6,5.0,18.6,4.2,5.4,9.9,55.6,7.0,,,71.9
296,dal,2019,65.0,1.0,8.2,306.4,10.0,66.4,4.9,9.8,58.4,4.7,4.5,18.8,5.3,5.7,8.4,75.9,3.0,1.1176470588235294,1.6153846153846154,75.0
297,den,2019,65.0,1.0,7.0,227.8,9.0,58.1,4.5,8.3,68.2,4.3,4.5,14.0,1.0,0.1,12.8,60.6,9.0,,,87.2
298,det,2019,64.0,1.0,8.6,312.4,10.3,56.0,4.1,8.6,68.1,4.8,3.6,14.1,4.2,14.8,8.9,59.3,5.0,,,79.4
299,gnb,2019,62.0,0.0,7.0,250.1,7.9,65.4,6.9,8.1,46.4,1.6,4.6,14.8,3.0,0.1,10.4,78.9,6.0,,,84.4
300,htx,2019,67.0,2.0,7.8,256.8,7.8,69.3,6.9,9.4,69.0,4.5,4.4,15.3,4.9,5.2,10.0,70.8,8.0,,,80.8
301,clt,2019,60.0,1.0,6.6,196.1,8.4,56.9,2.6,7.4,66.2,4.5,4.4,17.6,3.8,3.3,10.4,59.7,5.0,1.0714285714285714,2.142857142857143,71.0
302,jax,2019,60.0,1.0,7.0,233.6,8.5,61.9,4.9,8.6,52.2,2.9,4.3,17.7,3.1,2.2,11.7,66.7,6.0,1.0,1.0833333333333333,97.1
303,kan,2019,65.0,1.0,8.3,287.9,7.5,57.8,3.7,9.7,65.2,4.8,4.6,7.8,4.5,10.1,12.6,71.3,3.0,1.0588235294117647,1.1764705882352942,89.5
304,rai,2019,70.0,1.0,7.9,253.4,10.2,65.6,3.0,5.4,74.1,2.0,4.8,18.6,3.6,6.8,12.5,76.9,5.0,1.0769230769230769,,73.1
305,sdg,2019,66.0,3.0,7.8,288.4,8.0,69.8,6.5,11.1,54.4,3.3,3.8,13.5,4.2,8.3,11.9,72.4,5.0,1.0769230769230769,1.5384615384615385,76.5
306,ram,2019,62.0,2.0,7.4,289.9,8.2,64.7,6.0,8.1,58.3,3.0,3.8,14.9,3.7,4.9,10.6,77.5,3.0,1.0714285714285714,1.8,72.7
307,mia,2019,62.0,2.0,7.0,235.3,9.4,56.3,4.5,8.9,68.1,2.3,1.8,6.2,2.7,4.1,9.3,50.0,7.0,,,81.6
308,min,2019,69.0,1.0,8.1,240.2,12.0,67.0,4.2,8.7,62.5,3.0,4.5,17.9,5.6,3.1,9.4,81.3,5.0,,,87.9
309,nwe,2019,60.0,1.0,6.6,253.6,7.3,65.4,6.3,4.4,55.3,3.3,3.7,15.4,4.5,1.0,10.2,70.8,4.0,1.1,1.8333333333333333,79.4
310,nor,2019,74.0,1.0,7.9,270.8,9.3,80.5,9.3,7.5,53.6,1.9,4.7,12.2,4.4,9.1,9.0,71.4,3.0,1.0,1.25,88.9
311,nyg,2019,61.0,2.0,6.6,232.8,6.9,68.7,5.7,8.0,57.6,4.5,4.6,16.7,3.8,2.9,10.1,64.7,7.0,,,78.1
312,nyj,2019,61.0,2.0,6.9,232.6,8.1,54.2,3.3,6.8,63.9,4.9,3.2,16.3,3.9,4.5,9.4,82.9,7.0,,,82.4
313,phi,2019,63.0,1.0,6.7,252.4,5.3,56.5,3.5,6.7,58.9,4.3,4.6,11.2,4.4,11.9,10.4,65.2,5.0,,,85.2
314,pit,2019,62.0,3.0,6.2,176.5,7.4,64.1,3.7,7.9,60.0,3.5,4.0,11.6,3.9,8.3,7.1,69.1,5.0,1.0,1.2,93.5
315,sfo,2019,69.0,2.0,8.4,248.6,9.9,70.4,3.8,9.5,67.9,3.6,4.0,9.8,5.1,9.5,11.9,79.4,7.0,1.1,,76.9
316,sea,2019,66.0,1.0,8.0,256.9,9.6,74.5,5.1,9.0,58.0,3.6,4.4,18.5,6.3,1.1,9.9,80.0,8.0,,,71.4
317,tam,2019,60.0,4.0,8.2,319.3,11.0,71.1,6.1,9.8,56.8,5.2,4.2,10.8,3.1,9.6,13.5,64.2,7.0,,,86.0
318,oti,2019,70.0,2.0,9.6,228.5,12.5,61.9,3.3,9.4,71.4,1.7,5.1,20.2,,0.0,13.3,79.5,9.0,,,77.8
319,was,2019,64.0,2.0,6.9,170.7,9.9,62.4,4.1,8.3,68.2,1.9,4.3,14.1,,0.0,9.3,65.0,5.0,1.1333333333333333,1.3,83.3
320,crd,2020,67.0,2.0,7.1,248.2,8.8,71.9,7.2,5.7,75.0,4.2,4.0,15.9,4.6,6.1,11.5,72.7,4.0,1.0909090909090908,1.5,76.7
321,atl,2020,65.0,1.0,7.3,286.3,9.6,62.9,6.0,11.3,75.0,5.7,3.5,13.0,4.7,6.3,9.0,63.6,6.0,1.0454545454545454,1.0625,95.0
322,rav,2020,64.0,2.0,7.3,183.8,7.7,58.0,3.6,8.1,57.6,1.2,4.2,6.5,5.0,9.0,8.1,82.4,7.0,1.0714285714285714,1.1666666666666667,89.7
323,buf,2020,69.0,1.0,7.9,284.0,9.2,76.5,7.9,9.7,56.5,2.2,4.4,9.8,4.3,8.6,12.0,54.5,4.0,1.2,1.25,82.4
324,car,2020,69.0,2.0,7.6,248.9,8.1,69.9,5.9,10.1,55.9,4.4,3.9,11.0,3.8,19.7,8.7,75.0,5.0,1.0476190476190477,1.75,80.6
325,chi,2020,67.0,2.0,6.9,205.5,8.3,67.5,6.4,6.4,62.2,3.8,4.3,16.5,5.3,4.7,9.1,65.8,5.0,,,82.9
326,cin,2020,65.0,1.0,6.7,268.8,8.4,62.0,4.2,5.0,45.2,2.9,3.4,7.8,3.6,19.8,8.7,75.5,7.0,,,86.8
327,cle,2020,62.0,1.0,7.3,222.7,8.3,71.3,4.8,7.4,53.5,3.3,5.6,15.8,4.2,12.4,9.5,65.7,5.0,,,85.2
328,dal,2020,64.0,2.0,6.5,197.3,8.6,70.8,5.8,8.0,56.2,3.7,4.0,16.3,4.3,6.3,9.8,70.8,6.0,1.0,1.4666666666666666,82.9
329,den,2020,57.0,3.0,6.6,225.6,9.4,64.6,3.4,7.6,46.0,3.3,4.6,14.3,4.3,10.7,10.9,66.7,4.0,,,92.9
330,det,2020,64.0,1.0,7.7,255.3,8.5,66.1,4.8,8.7,66.7,3.3,3.9,9.8,4.6,8.8,10.6,66.3,6.0,1.0,1.7,75.0
331,gnb,2020,70.0,1.0,8.2,268.7,9.2,77.2,8.2,11.0,52.4,2.1,5.5,14.4,4.2,8.5,10.7,58.8,3.0,,,88.9
332,htx,2020,70.0,1.0,8.9,301.4,9.7,68.1,5.4,11.7,70.7,4.8,4.7,12.3,3.1,7.0,14.9,75.0,8.0,1.0,1.4,87.1
333,clt,2020,68.0,2.0,7.7,260.6,8.2,60.2,3.7,8.9,62.0,2.8,5.0,15.5,4.3,5.6,10.9,69.7,3.0,1.0454545454545454,1.4,86.5
334,jax,2020,66.0,1.0,6.9,251.0,7.6,73.4,4.1,7.6,57.0,4.1,4.5,17.1,4.5,2.3,9.4,73.7,7.0,,,79.5
335,kan,2020,66.0,1.0,8.1,316.0,9.5,64.4,5.8,7.7,67.3,3.7,4.4,13.9,4.0,7.0,13.5,72.4,3.0,1.0,1.2857142857142858,92.6
336,rai,2020,67.0,1.0,7.9,256.4,10.9,58.5,3.0,10.5,60.5,2.0,3.9,18.2,4.5,5.8,11.2,73.8,4.0,,,82.1
337,sdg,2020,66.0,1.0,7.3,289.1,6.7,68.0,7.1,8.9,56.5,3.2,4.6,11.6,4.6,6.6,10.2,64.5,5.0,1.0,1.9,72.7
338,ram,2020,67.0,2.0,7.2,263.5,7.3,69.8,5.6,7.6,64.2,3.3,4.5,9.2,4.3,11.2,11.6,73.3,4.0,1.125,1.5,80.0
339,mia,2020,64.0,1.0,6.3,181.4,7.7,61.2,4.5,8.2,51.4,2.3,4.1,14.2,4.3,12.5,8.0,89.7,6.0,1.0,1.15,92.3
340,min,2020,67.0,2.0,8.3,266.6,8.6,68.5,4.9,11.2,70.4,5.5,5.0,22.3,4.5,7.4,11.9,75.7,7.0,,,89.7
341,nwe,2020,65.0,2.0,7.2,177.1,7.8,61.0,2.9,9.0,72.8,4.2,5.0,13.7,5.7,8.8,15.3,65.0,7.0,1.0,1.1538461538461537,92.9
342,nor,2020,70.0,1.0,7.5,245.2,9.0,68.0,2.4,8.9,74.4,4.4,5.0,12.5,4.5,9.7,5.8,80.0,3.0,1.0666666666666667,1.5,82.1
343,nyg,2020,62.0,2.0,6.6,210.2,7.8,52.1,3.1,7.3,73.3,5.5,4.6,9.8,3.2,10.8,9.9,57.8,9.0,,,88.9
344,nyj,2020,59.0,3.0,6.1,184.0,8.4,50.0,2.5,8.1,52.3,2.6,3.5,12.5,3.9,9.5,9.3,68.9,8.0,,,82.9
345,phi,2020,57.0,3.0,6.0,218.3,7.3,57.4,2.8,5.3,67.1,3.3,5.3,13.7,4.7,5.0,9.3,50.0,10.0,,,84.4
346,pit,2020,65.0,1.0,6.3,253.5,6.5,75.8,6.1,6.4,61.1,5.9,4.3,13.0,3.3,6.9,6.6,75.0,2.0,1.0,1.1,95.8
347,sfo,2020,64.0,3.0,7.5,243.7,7.8,62.5,5.0,11.3,65.7,2.1,5.0,13.0,3.9,5.1,12.9,79.2,5.0,,,89.2
348,sea,2020,68.0,2.0,7.5,263.3,8.0,75.8,6.3,10.1,64.3,5.2,4.8,11.8,3.2,2.8,10.5,82.8,7.0,,,82.9
349,tam,2020,65.0,2.0,7.6,289.6,9.2,64.2,4.4,10.0,77.4,5.4,5.1,13.7,3.8,7.5,13.8,58.4,3.0,1.0,1.375,90.3
350,oti,2020,65.0,1.0,7.9,238.7,10.1,66.0,5.0,10.7,70.7,4.6,5.4,23.6,4.3,2.9,10.5,63.1,4.0,1.2857142857142858,1.4615384615384615,71.4
351,was,2020,66.0,3.0,6.3,197.8,8.3,64.9,5.8,9.9,66.7,2.0,4.7,12.1,4.3,5.3,9.0,65.5,8.0,1.0833333333333333,1.4,79.4
352,crd,2021,69.0,2.0,7.9,270.5,9.5,74.8,4.5,8.9,65.6,4.2,5.1,9.7,3.7,13.5,10.1,69.1,6.0,1.1,1.5,81.1
353,atl,2021,67.0,2.0,7.1,233.4,8.2,70.2,4.7,7.7,58.5,1.8,4.0,9.6,3.6,8.1,15.1,61.8,6.0,1.0,1.2,93.1
354,rav,2021,64.0,3.0,7.5,240.2,6.9,62.3,5.7,8.0,55.1,2.1,4.3,8.3,4.2,8.5,12.6,69.9,9.0,1.0,1.105263157894737,94.6
355,buf,2021,63.0,2.0,6.8,259.2,7.5,62.8,6.1,8.7,58.3,3.0,4.6,11.1,3.6,7.4,12.1,69.0,3.0,1.0454545454545454,1.5,87.5
356,car,2021,59.0,3.0,6.2,210.6,7.1,57.1,5.5,4.7,48.2,3.1,3.6,10.1,4.5,14.1,10.4,60.0,7.0,,,86.5
357,chi,2021,58.0,3.0,6.9,155.8,7.5,57.9,4.8,6.2,57.6,3.2,3.8,17.3,4.2,6.1,10.0,64.5,11.0,1.0,,86.7
358,cin,2021,70.0,2.0,8.9,288.2,11.4,63.3,4.8,9.9,67.3,5.3,4.1,18.3,4.5,1.2,10.1,77.8,8.0,1.0,1.3333333333333333,85.3
359,cle,2021,60.0,3.0,7.2,215.0,6.6,59.8,4.3,10.3,58.6,2.4,5.5,16.3,0.0,0.2,9.1,62.3,9.0,,,96.3
360,dal,2021,68.0,1.0,7.5,278.1,8.3,65.4,4.5,9.2,65.8,4.9,4.2,13.9,5.5,8.7,10.4,75.0,4.0,1.05,1.5555555555555556,82.9
361,den,2021,66.0,1.0,7.2,218.0,7.9,59.2,3.4,8.6,62.4,3.3,4.5,12.7,4.4,11.9,9.9,75.6,6.0,1.0769230769230769,1.3076923076923077,83.9
362,det,2021,67.0,1.0,6.6,231.8,8.1,67.6,3.0,7.7,75.6,5.3,3.9,11.8,4.1,11.6,9.6,72.6,6.0,,,87.8
363,gnb,2021,68.0,0.0,7.7,257.2,9.2,72.8,7.7,8.6,66.7,2.7,4.7,11.4,4.3,11.0,9.3,82.1,5.0,1.2222222222222223,1.7142857142857142,73.5
364,htx,2021,66.0,2.0,6.8,204.9,7.7,67.2,5.6,8.7,59.5,1.4,3.2,13.1,3.5,7.6,9.4,100.0,7.0,,,87.5
365,clt,2021,62.0,1.0,6.9,209.6,8.4,68.2,5.2,5.6,55.1,2.4,5.5,19.5,4.9,3.3,10.4,67.4,5.0,1.125,,82.9
366,jax,2021,59.0,2.0,6.0,214.2,6.9,60.8,4.3,6.2,63.0,3.9,4.7,11.7,3.5,6.0,11.8,66.7,5.0,,,88.9
367,kan,2021,66.0,2.0,7.4,284.6,7.8,69.8,6.5,6.4,61.0,1.5,4.3,11.9,3.9,8.5,12.0,68.7,4.0,1.0625,1.25,87.5
368,rai,2021,68.0,2.0,7.7,282.6,9.7,57.6,2.1,8.1,80.5,6.1,4.0,14.5,4.0,5.3,12.1,59.1,6.0,1.0454545454545454,1.1111111111111112,93.0
369,sdg,2021,65.0,2.0,7.5,294.9,7.2,67.5,6.6,8.9,58.9,4.8,4.4,12.9,5.4,4.9,11.8,57.8,4.0,,,91.4
370,ram,2021,67.0,2.0,8.1,287.4,10.2,75.9,8.5,9.0,56.2,2.9,4.6,12.4,4.1,12.2,9.2,71.8,4.0,1.0,1.1818181818181819,94.1
371,mia,2021,67.0,2.0,6.8,204.1,7.3,74.3,6.5,7.1,54.8,4.0,3.5,10.2,4.6,14.2,10.0,82.9,4.0,,,83.8
372,min,2021,66.0,1.0,7.5,263.8,9.7,64.7,6.4,7.6,70.5,5.2,4.7,19.2,3.7,8.4,9.7,70.1,4.0,,,85.0
373,nwe,2021,67.0,2.0,7.3,223.6,6.9,65.9,4.9,7.4,57.8,2.5,4.6,13.5,4.6,11.1,9.0,62.2,5.0,1.0,1.1875,92.3
374,nor,2021,58.0,3.0,7.3,81.5,8.3,54.8,2.7,7.5,64.0,2.9,3.7,18.5,2.6,4.9,9.7,62.8,6.0,,,81.6
375,nyg,2021,64.0,1.0,6.7,220.7,6.9,48.7,2.6,6.9,67.9,5.1,3.7,12.5,4.1,9.1,9.9,66.7,5.0,,,89.5
376,nyj,2021,55.0,2.0,6.1,179.5,8.8,54.9,1.9,8.3,57.6,3.8,4.3,10.5,4.2,7.6,9.7,64.3,10.0,,,92.3
377,phi,2021,61.0,2.0,7.3,209.6,8.8,61.5,3.8,5.2,57.9,1.9,5.5,11.4,4.3,5.4,14.8,73.7,5.0,1.0,1.2307692307692308,90.9
378,pit,2021,64.0,1.0,6.2,233.8,6.9,63.3,6.7,8.2,56.2,3.9,3.9,18.1,1.0,0.1,8.8,76.0,5.0,1.0588235294117647,1.1578947368421053,90.0
379,sfo,2021,68.0,2.0,8.6,254.0,9.8,66.7,3.3,11.6,63.6,4.8,4.7,18.8,3.7,8.8,12.6,75.5,6.0,1.0,1.3571428571428572,84.4
380,sea,2021,64.0,1.0,7.8,222.4,7.5,58.1,4.4,11.0,68.2,4.6,6.3,11.9,3.8,9.8,11.0,80.8,7.0,,,81.8
381,tam,2021,67.0,1.0,7.4,312.7,9.1,64.9,4.6,8.7,77.2,7.0,4.5,12.9,4.2,6.3,14.6,61.8,3.0,1.0555555555555556,,80.6
382,oti,2021,67.0,2.0,7.0,219.6,8.3,60.0,4.8,9.0,64.6,3.1,4.3,27.4,6.3,7.0,6.8,77.5,8.0,,,81.6
383,was,2021,65.0,3.0,6.9,213.7,8.1,59.2,4.5,6.2,66.1,2.4,4.0,16.1,3.9,4.0,12.5,80.0,7.0,1.0,1.3846153846153846,84.8
