,team,season,QB_Cmp%,QB_Int%,QB_Y/A,QB_Yds,WR1_Y/Tgt,WR1_Ctch%,WR1_YScm,WR2_Y/Tgt,WR2_Ctch%,WR2_YScm,RB1_Y/A,RB1_YScm,RB2_Y/A,RB2_YScm,TE_Y/Tch,TE_Ctch%,TE_YScm,OL_Sk,OL_Lyds,KC_B40%,KC_A40%,KC_Fga
0,crd,2021,69.2,2.0,7.9,3787.0,9.5,74.8,993.0,8.9,65.6,572.0,5.1,903.0,3.7,1127.0,10.1,69.1,578.0,119.0,913.0,1.1,1.5,37.0
1,atl,2021,67.0,2.0,7.1,3968.0,8.2,70.2,770.0,7.7,58.5,408.0,4.0,1166.0,3.6,762.0,15.1,61.8,1026.0,98.0,700.0,1.0,1.2,29.0
2,rav,2021,64.4,3.0,7.5,2882.0,6.9,62.3,1013.0,8.0,55.1,394.0,4.3,766.0,4.2,576.0,12.6,69.9,1361.0,148.0,856.0,1.0,1.105263157894737,37.0
3,buf,2021,63.3,2.0,6.8,4407.0,7.5,62.8,1225.0,8.7,58.3,657.0,4.6,1098.0,3.6,542.0,12.1,69.0,591.0,96.0,601.0,1.0454545454545454,1.5,32.0
4,car,2021,59.9,3.0,6.2,2527.0,7.1,57.1,1205.0,4.7,48.2,555.0,3.6,786.0,4.5,785.0,10.4,60.0,188.0,143.0,961.0,,,37.0
5,chi,2021,58.9,3.0,6.9,1870.0,7.5,57.9,1087.0,6.2,57.6,410.0,3.8,1150.0,4.2,529.0,10.0,64.5,612.0,165.0,1222.0,1.0,,30.0
6,cin,2021,70.4,2.0,8.9,4611.0,11.4,63.3,1476.0,9.9,67.3,1091.0,4.1,1519.0,4.5,228.0,10.1,77.8,493.0,152.0,1082.0,1.0,1.3333333333333333,34.0
7,cle,2021,60.5,3.0,7.2,3010.0,6.6,59.8,610.0,10.3,58.6,597.0,5.5,1433.0,0.0,9.0,9.1,62.3,345.0,141.0,871.0,,,27.0
8,dal,2021,68.8,1.0,7.5,4449.0,8.3,65.4,865.0,9.2,65.8,1178.0,4.2,1289.0,5.5,1056.0,10.4,75.0,808.0,107.0,623.0,1.05,1.5555555555555556,35.0
9,den,2021,66.9,1.0,7.2,3052.0,7.9,59.2,776.0,8.6,62.4,734.0,4.5,1131.0,4.4,1219.0,9.9,75.6,670.0,116.0,775.0,1.0769230769230769,1.3076923076923077,31.0
10,det,2021,67.2,1.0,6.6,3245.0,8.1,67.6,604.0,7.7,75.6,973.0,3.9,758.0,4.1,1069.0,9.6,72.6,583.0,102.0,773.0,,,41.0
11,gnb,2021,68.9,0.0,7.7,4115.0,9.2,72.8,1553.0,8.6,66.7,545.0,4.7,1190.0,4.3,1116.0,9.3,82.1,214.0,105.0,719.0,1.2222222222222223,1.7142857142857142,34.0
12,htx,2021,66.8,2.0,6.8,2664.0,7.7,67.2,1058.0,8.7,59.5,326.0,3.2,318.0,3.5,613.0,9.4,100.0,47.0,120.0,875.0,,,32.0
13,clt,2021,62.4,1.0,6.9,3563.0,8.4,68.2,1126.0,5.6,55.1,405.0,5.5,2171.0,4.9,586.0,10.4,67.4,302.0,97.0,677.0,1.125,,35.0
14,jax,2021,59.6,2.0,6.0,3641.0,6.9,60.8,832.0,6.2,63.0,660.0,4.7,989.0,3.5,318.0,11.8,66.7,71.0,96.0,712.0,,,36.0
15,kan,2021,66.3,2.0,7.4,4839.0,7.8,69.8,1335.0,6.4,61.0,264.0,4.3,646.0,3.9,1010.0,12.0,68.7,1128.0,87.0,501.0,1.0625,1.25,32.0
16,rai,2021,68.4,2.0,7.7,4804.0,9.7,57.6,571.0,8.1,80.5,1041.0,4.0,1220.0,4.0,545.0,12.1,59.1,665.0,115.0,689.0,1.0454545454545454,1.1111111111111112,43.0
17,sdg,2021,65.9,2.0,7.5,5014.0,7.2,67.5,1138.0,8.9,58.9,1146.0,4.4,1558.0,5.4,542.0,11.8,57.8,564.0,97.0,659.0,,,35.0
18,ram,2021,67.2,2.0,8.1,4886.0,10.2,75.9,1965.0,9.0,56.2,822.0,4.6,864.0,4.1,973.0,9.2,71.8,560.0,112.0,869.0,1.0,1.1818181818181819,34.0
19,mia,2021,67.8,2.0,6.8,2653.0,7.3,74.3,1018.0,7.1,54.8,515.0,3.5,846.0,4.6,371.0,10.0,82.9,360.0,128.0,950.0,,,37.0
20,min,2021,66.3,1.0,7.5,4221.0,9.7,64.7,1630.0,7.6,70.5,728.0,4.7,1383.0,3.7,719.0,9.7,70.1,593.0,111.0,802.0,,,40.0
21,nwe,2021,67.6,2.0,7.3,3801.0,6.9,65.9,875.0,7.4,57.8,484.0,4.6,1061.0,4.6,729.0,9.0,62.2,334.0,92.0,738.0,1.0,1.1875,39.0
22,nor,2021,58.2,3.0,7.3,978.0,8.3,54.8,698.0,7.5,64.0,377.0,3.7,1337.0,2.6,171.0,9.7,62.8,263.0,120.0,812.0,,,38.0
23,nyg,2021,64.3,1.0,6.7,2428.0,6.9,48.7,521.0,6.9,67.9,357.0,3.7,856.0,4.1,861.0,9.9,66.7,257.0,110.0,739.0,,,38.0
24,nyj,2021,55.6,2.0,6.1,2334.0,8.8,54.9,449.0,8.3,57.6,492.0,4.3,964.0,4.2,405.0,9.7,64.3,261.0,139.0,1109.0,,,39.0
25,phi,2021,61.3,2.0,7.3,3144.0,8.8,61.5,916.0,5.2,57.9,331.0,5.5,912.0,4.3,456.0,14.8,73.7,830.0,91.0,582.0,1.0,1.2307692307692308,33.0
26,pit,2021,64.5,1.0,6.2,3740.0,6.9,63.3,1214.0,8.2,56.2,956.0,3.9,1667.0,1.0,16.0,8.8,76.0,167.0,131.0,799.0,1.0588235294117647,1.1578947368421053,40.0
27,sfo,2021,68.3,2.0,8.6,3810.0,9.8,66.7,843.0,11.6,63.6,1770.0,4.7,1100.0,3.7,325.0,12.6,75.5,930.0,114.0,796.0,1.0,1.3571428571428572,32.0
28,sea,2021,64.8,1.0,7.8,3113.0,7.5,58.1,973.0,11.0,68.2,1184.0,6.3,797.0,3.8,498.0,11.0,80.8,231.0,126.0,1019.0,,,33.0
29,tam,2021,67.5,1.0,7.4,5316.0,9.1,64.9,1045.0,8.7,77.2,1124.0,4.5,1266.0,4.2,492.0,14.6,61.8,802.0,93.0,593.0,1.0555555555555556,,31.0
30,oti,2021,67.2,2.0,7.0,3734.0,8.3,60.0,879.0,9.0,64.6,434.0,4.3,1091.0,6.3,437.0,6.8,77.5,210.0,137.0,970.0,,,38.0
31,was,2021,65.0,3.0,6.9,3419.0,8.1,59.2,1065.0,6.2,66.1,383.0,4.0,1331.0,3.9,339.0,12.5,80.0,249.0,124.0,797.0,1.0,1.3846153846153846,33.0
